# site betah h T M DoS(Ef) N Ef
sublattice 1 5.0 0.002145228906467031 67.7409725633584
sublattice 2 3.180145056320707 0.0013642155675094914 67.73043465780343
1 5.0 0.0021481932187413792 67.8381512103171 34.83586943625228 594.904006393543 214.48343173843963 0.6774785696773643
2 5.0 0.002144523453602993 67.72226307466005 34.83586943625228 594.904006393543 214.48343173843963 0.6774785696773643
3 5.0 0.00214819321821231 67.83815119360953 34.83586943625228 594.904006393543 214.48343173843963 0.6774785696773643
4 5.0 0.0021445234526411517 67.72226304428594 34.83586943625228 594.904006393543 214.48343173843963 0.6774785696773643
5 5.0 0.0021441250711482355 67.70968249066806 34.83586943625228 594.904006393543 214.48343173843963 0.6774785696773643
6 5.0 0.002145459926947262 67.75183612979404 34.83586943625228 594.904006393543 214.48343173843963 0.6774785696773643
7 5.0 0.002144125071453154 67.70968250029713 34.83586943625228 594.904006393543 214.48343173843963 0.6774785696773643
8 5.0 0.0021454599272971004 67.75183614084165 34.83586943625228 594.904006393543 214.48343173843963 0.6774785696773643
9 5.0 0.002144810235667609 67.73131941653007 34.83586943625228 594.904006393543 214.48343173843963 0.6774785696773643
10 5.0 0.0021475802442446107 67.81879398989143 34.83586943625228 594.904006393543 214.48343173843963 0.6774785696773643
11 5.0 0.0021448102356172727 67.73131941494047 34.83586943625228 594.904006393543 214.48343173843963 0.6774785696773643
12 5.0 0.002147580244410086 67.81879399511695 34.83586943625228 594.904006393543 214.48343173843963 0.6774785696773643
13 5.0 0.002145516971453298 67.75363754578089 34.83586943625228 594.904006393543 214.48343173843963 0.6774785696773643
14 5.0 0.0021435001133062537 67.68994684861869 34.83586943625228 594.904006393543 214.48343173843963 0.6774785696773643
15 5.0 0.0021455169710771715 67.75363753390313 34.83586943625228 594.904006393543 214.48343173843963 0.6774785696773643
16 5.0 0.0021435001131793843 67.68994684461228 34.83586943625228 594.904006393543 214.48343173843963 0.6774785696773643
17 5.0 0.0021451869865953717 67.74321689666824 34.83586943625228 594.904006393543 214.48343173843963 0.6774785696773643
18 5.0 0.0021434703586823934 67.6890072233095 34.83586943625228 594.904006393543 214.48343173843963 0.6774785696773643
19 5.0 0.0021451869875217014 67.74321692592099 34.83586943625228 594.904006393543 214.48343173843963 0.6774785696773643
20 5.0 0.0021434703587645 67.6890072259024 34.83586943625228 594.904006393543 214.48343173843963 0.6774785696773643
21 5.0 0.002144552880201308 67.72319235024523 34.83586943625228 594.904006393543 214.48343173843963 0.6774785696773643
22 5.0 0.0021458274170469455 67.76344115902624 34.83586943625228 594.904006393543 214.48343173843963 0.6774785696773643
23 5.0 0.0021445528804787564 67.72319235900684 34.83586943625228 594.904006393543 214.48343173843963 0.6774785696773643
24 5.0 0.002145827416919445 67.76344115499988 34.83586943625228 594.904006393543 214.48343173843963 0.6774785696773643
25 3.180145056320707 0.001363499657173569 67.69845701687431 34.83586943625228 594.904006393543 214.48343173843963 0.6774785696773643
26 3.180145056320707 0.0013649314778453982 67.76954764780163 34.83586943625228 594.904006393543 214.48343173843963 0.6774785696773643
27 0.0 -1.880473249055047e-17 0.0 34.83586943625228 594.904006393543 214.48343173843963 0.6774785696773643
28 0.0 -3.3773101209746715e-17 0.0 34.83586943625228 594.904006393543 214.48343173843963 0.6774785696773643
29 0.0 -1.857833444486979e-15 0.0 34.83586943625228 594.904006393543 214.48343173843963 0.6774785696773643
30 0.0 -1.1921458656750478e-15 0.0 34.83586943625228 594.904006393543 214.48343173843963 0.6774785696773643
31 0.0 -1.527150887437101e-15 0.0 34.83586943625228 594.904006393543 214.48343173843963 0.6774785696773643
32 0.0 -1.825273783592417e-15 0.0 34.83586943625228 594.904006393543 214.48343173843963 0.6774785696773643
33 0.0 -1.892768165846298e-15 0.0 34.83586943625228 594.904006393543 214.48343173843963 0.6774785696773643
34 0.0 -1.0220157194819463e-15 0.0 34.83586943625228 594.904006393543 214.48343173843963 0.6774785696773643
35 0.0 -5.563224145869161e-16 0.0 34.83586943625228 594.904006393543 214.48343173843963 0.6774785696773643
36 0.0 -6.377736450892669e-16 0.0 34.83586943625228 594.904006393543 214.48343173843963 0.6774785696773643
37 0.0 -1.45690665072441e-15 0.0 34.83586943625228 594.904006393543 214.48343173843963 0.6774785696773643
38 0.0 -2.0095012427057422e-15 0.0 34.83586943625228 594.904006393543 214.48343173843963 0.6774785696773643
39 0.0 -1.397649827949535e-15 0.0 34.83586943625228 594.904006393543 214.48343173843963 0.6774785696773643
40 0.0 -2.1099294617392163e-15 0.0 34.83586943625228 594.904006393543 214.48343173843963 0.6774785696773643
41 0.0 -4.93557147605971e-16 0.0 34.83586943625228 594.904006393543 214.48343173843963 0.6774785696773643
42 0.0 -7.092998727107745e-16 0.0 34.83586943625228 594.904006393543 214.48343173843963 0.6774785696773643
43 0.0 -7.694511792802244e-16 0.0 34.83586943625228 594.904006393543 214.48343173843963 0.6774785696773643
44 0.0 -8.120617626972947e-16 0.0 34.83586943625228 594.904006393543 214.48343173843963 0.6774785696773643
45 0.0 -8.273828843448596e-16 0.0 34.83586943625228 594.904006393543 214.48343173843963 0.6774785696773643
46 0.0 -1.3074365584393999e-15 0.0 34.83586943625228 594.904006393543 214.48343173843963 0.6774785696773643
47 0.0 -1.095545849717304e-15 0.0 34.83586943625228 594.904006393543 214.48343173843963 0.6774785696773643
48 0.0 -4.509095745233941e-16 0.0 34.83586943625228 594.904006393543 214.48343173843963 0.6774785696773643
49 0.0 -5.581856555497032e-16 0.0 34.83586943625228 594.904006393543 214.48343173843963 0.6774785696773643
50 0.0 -8.412073771659136e-16 0.0 34.83586943625228 594.904006393543 214.48343173843963 0.6774785696773643
51 0.0 -6.883547457252528e-16 0.0 34.83586943625228 594.904006393543 214.48343173843963 0.6774785696773643
52 0.0 -9.997478388402397e-16 0.0 34.83586943625228 594.904006393543 214.48343173843963 0.6774785696773643
