# site betah h T M DoS(Ef) N Ef
sublattice 1 5.0 0.0028366723740075573 89.5750308415098
sublattice 2 5.5 0.0009115966778665699 26.169042701753117
1 5.0 0.00283115926752197 89.40564958506906 30.144304958020296 622.3166519059968 218.7992928713874 0.7106374
2 5.0 0.002842403783887783 89.7607420360904 30.144304958020296 622.3166519059968 218.7992928713874 0.7106374
3 5.0 0.00283115926756942 89.40564958656749 30.144304958020296 622.3166519059968 218.7992928713874 0.7106374
4 5.0 0.0028424037846293115 89.7607420595073 30.144304958020296 622.3166519059968 218.7992928713874 0.7106374
5 5.0 0.002843989425861548 89.81081529321352 30.144304958020296 622.3166519059968 218.7992928713874 0.7106374
6 5.0 0.002831843769405683 89.42726558777049 30.144304958020296 622.3166519059968 218.7992928713874 0.7106374
7 5.0 0.0028439894261786413 89.81081530322707 30.144304958020296 622.3166519059968 218.7992928713874 0.7106374
8 5.0 0.0028318437696261485 89.42726559473262 30.144304958020296 622.3166519059968 218.7992928713874 0.7106374
9 5.0 0.0028436948247660986 89.80151203382184 30.144304958020296 622.3166519059968 218.7992928713874 0.7106374
10 5.0 0.0028323324445822438 89.44269754164006 30.144304958020296 622.3166519059968 218.7992928713874 0.7106374
11 5.0 0.0028436948254761223 89.8015120562438 30.144304958020296 622.3166519059968 218.7992928713874 0.7106374
12 5.0 0.00283233244505767 89.44269755665367 30.144304958020296 622.3166519059968 218.7992928713874 0.7106374
13 5.0 0.00284326629859086 89.78797953604419 30.144304958020296 622.3166519059968 218.7992928713874 0.7106374
14 5.0 0.0028268573509435528 89.26979864656522 30.144304958020296 622.3166519059968 218.7992928713874 0.7106374
15 5.0 0.002843266299179868 89.78797955464458 30.144304958020296 622.3166519059968 218.7992928713874 0.7106374
16 5.0 0.0028268573509219546 89.26979864588314 30.144304958020296 622.3166519059968 218.7992928713874 0.7106374
17 5.0 0.002843524398961749 89.79613012686754 30.144304958020296 622.3166519059968 218.7992928713874 0.7106374
18 5.0 0.0028289765669388166 89.33672171943365 30.144304958020296 622.3166519059968 218.7992928713874 0.7106374
19 5.0 0.002843524399152648 89.79613013289597 30.144304958020296 622.3166519059968 218.7992928713874 0.7106374
20 5.0 0.002828976567281756 89.33672173026339 30.144304958020296 622.3166519059968 218.7992928713874 0.7106374
21 5.0 0.0028287316241211707 89.32898663131043 30.144304958020296 622.3166519059968 218.7992928713874 0.7106374
22 5.0 0.002843288730436158 89.78868791232448 30.144304958020296 622.3166519059968 218.7992928713874 0.7106374
23 5.0 0.0028287316244474396 89.32898664161374 30.144304958020296 622.3166519059968 218.7992928713874 0.7106374
24 5.0 0.0028432887306442437 89.78868791889568 30.144304958020296 622.3166519059968 218.7992928713874 0.7106374
25 5.5 0.0009114863230612491 26.167253024268312 30.144304958020296 622.3166519059968 218.7992928713874 0.7106374
26 5.5 0.000911707032671893 26.17358922882626 30.144304958020296 622.3166519059968 218.7992928713874 0.7106374
27 0.0 -2.0305965046905649e-13 0.0 30.144304958020296 622.3166519059968 218.7992928713874 0.7106374
28 0.0 -2.0290711055370502e-13 0.0 30.144304958020296 622.3166519059968 218.7992928713874 0.7106374
29 0.0 -1.1879524855689759e-13 0.0 30.144304958020296 622.3166519059968 218.7992928713874 0.7106374
30 0.0 -1.1878529531987927e-13 0.0 30.144304958020296 622.3166519059968 218.7992928713874 0.7106374
31 0.0 -1.1856399606759918e-13 0.0 30.144304958020296 622.3166519059968 218.7992928713874 0.7106374
32 0.0 -1.18686312232172e-13 0.0 30.144304958020296 622.3166519059968 218.7992928713874 0.7106374
33 0.0 -1.1884003867522963e-13 0.0 30.144304958020296 622.3166519059968 218.7992928713874 0.7106374
34 0.0 -1.1865542754274945e-13 0.0 30.144304958020296 622.3166519059968 218.7992928713874 0.7106374
35 0.0 -1.1884703427063537e-13 0.0 30.144304958020296 622.3166519059968 218.7992928713874 0.7106374
36 0.0 -1.1854967418168487e-13 0.0 30.144304958020296 622.3166519059968 218.7992928713874 0.7106374
37 0.0 -1.1880601248713182e-13 0.0 30.144304958020296 622.3166519059968 218.7992928713874 0.7106374
38 0.0 -1.188108000760556e-13 0.0 30.144304958020296 622.3166519059968 218.7992928713874 0.7106374
39 0.0 -1.1870644275232413e-13 0.0 30.144304958020296 622.3166519059968 218.7992928713874 0.7106374
40 0.0 -1.1874343746515267e-13 0.0 30.144304958020296 622.3166519059968 218.7992928713874 0.7106374
41 0.0 -4.646891076965325e-14 0.0 30.144304958020296 622.3166519059968 218.7992928713874 0.7106374
42 0.0 -4.6683172556756563e-14 0.0 30.144304958020296 622.3166519059968 218.7992928713874 0.7106374
43 0.0 -4.6198099346402717e-14 0.0 30.144304958020296 622.3166519059968 218.7992928713874 0.7106374
44 0.0 -4.6438206527042474e-14 0.0 30.144304958020296 622.3166519059968 218.7992928713874 0.7106374
45 0.0 -4.631769209242585e-14 0.0 30.144304958020296 622.3166519059968 218.7992928713874 0.7106374
46 0.0 -4.6541147193659576e-14 0.0 30.144304958020296 622.3166519059968 218.7992928713874 0.7106374
47 0.0 -4.6612550424618144e-14 0.0 30.144304958020296 622.3166519059968 218.7992928713874 0.7106374
48 0.0 -4.646883198977243e-14 0.0 30.144304958020296 622.3166519059968 218.7992928713874 0.7106374
49 0.0 -4.631386421694475e-14 0.0 30.144304958020296 622.3166519059968 218.7992928713874 0.7106374
50 0.0 -4.628656167066762e-14 0.0 30.144304958020296 622.3166519059968 218.7992928713874 0.7106374
51 0.0 -4.679354049360355e-14 0.0 30.144304958020296 622.3166519059968 218.7992928713874 0.7106374
52 0.0 -4.63030930366505e-14 0.0 30.144304958020296 622.3166519059968 218.7992928713874 0.7106374
