#   iter   convergence     efermi     ef_shift      lost      mag. mom          efree                etot              entropy
      0  0.21301623E+01   0.7354301   0.0040025   2.4010986  -0.0000000     -94174.02337860     -94174.02337860          0.00000000
      1  0.17226348E+01   0.7356144   0.0040667   2.4394953  -0.0000000     -94174.05183165     -94174.05183165          0.00000000
      2  0.86035746E+00   0.7361248   0.0041445   2.4857130  -0.0000000     -94174.08629464     -94174.08629464          0.00000000
      3  0.78454706E+00   0.7362558   0.0040644   2.4375027  -0.0000000     -94174.05109135     -94174.05109135          0.00000000
      4  0.79486424E-01   0.7366618   0.0008664   0.5192746  -0.0000000     -94172.64257676     -94172.64257676          0.00000000
      5  0.77511998E-01   0.7366585   0.0008630   0.5171995  -0.0000000     -94172.64105519     -94172.64105519          0.00000000
      6  0.31949967E-01   0.7365891   0.0004604   0.2760025  -0.0000000     -94172.46362903     -94172.46362903          0.00000000
      7  0.21813973E-01   0.7365603   0.0000632   0.0378749  -0.0000000     -94172.28826445     -94172.28826445          0.00000000
      8  0.22532834E-01   0.7365596   0.0000647   0.0387848  -0.0000000     -94172.28893614     -94172.28893614          0.00000000
      9  0.44392191E-01   0.7365522   0.0001179   0.0707000  -0.0000000     -94172.31250297     -94172.31250297          0.00000000
     10  0.44676449E-01   0.7365524   0.0001192   0.0714646  -0.0000000     -94172.31306686     -94172.31306686          0.00000000
     11  0.37989494E-01   0.7364728  -0.0001037  -0.0622404   0.0000000     -94172.21455954     -94172.21455954          0.00000000
     12  0.36220507E-01   0.7364638  -0.0001178  -0.0707058  -0.0000000     -94172.20832736     -94172.20832736          0.00000000
     13  0.34640264E-01   0.7364607  -0.0001167  -0.0700245  -0.0000000     -94172.20882558     -94172.20882558          0.00000000
     14  0.21685834E-01   0.7364396  -0.0001023  -0.0614307   0.0000000     -94172.21511805     -94172.21511805          0.00000000
     15  0.19926115E-01   0.7364367  -0.0000990  -0.0594220  -0.0000000     -94172.21659230     -94172.21659230          0.00000000
     16  0.14151886E-02   0.7364013  -0.0000168  -0.0101230   0.0000000     -94172.25284597     -94172.25284597          0.00000000
     17  0.70832312E-03   0.7364003  -0.0000148  -0.0089044  -0.0000000     -94172.25374180     -94172.25374180          0.00000000
     18  0.13712359E-02   0.7363992  -0.0000114  -0.0068514  -0.0000000     -94172.25525367     -94172.25525367          0.00000000
     19  0.67867247E-03   0.7363991  -0.0000015  -0.0008933   0.0000000     -94172.25964341     -94172.25964341          0.00000000
     20  0.70470144E-03   0.7363994  -0.0000004  -0.0002457  -0.0000000     -94172.26012064     -94172.26012064          0.00000000
     21  0.66044673E-03   0.7363993  -0.0000004  -0.0002531  -0.0000000     -94172.26011515     -94172.26011515          0.00000000
     22  0.50858392E-03   0.7363990  -0.0000000  -0.0000209   0.0000000     -94172.26028559     -94172.26028559          0.00000000
     23  0.23789853E-03   0.7363985   0.0000000   0.0000192  -0.0000000     -94172.26031429     -94172.26031429          0.00000000
     24  0.22260538E-03   0.7363985   0.0000002   0.0001164  -0.0000000     -94172.26038581     -94172.26038581          0.00000000
     25  0.21502783E-03   0.7363985   0.0000001   0.0000853  -0.0000000     -94172.26036284     -94172.26036284          0.00000000
     26  0.20892422E-03   0.7363985   0.0000001   0.0000880  -0.0000000     -94172.26036480     -94172.26036480          0.00000000
     27  0.17668121E-03   0.7363984   0.0000001   0.0000840  -0.0000000     -94172.26036181     -94172.26036181          0.00000000
     28  0.10651480E-03   0.7363983   0.0000002   0.0000912  -0.0000000     -94172.26036685     -94172.26036685          0.00000000
     29  0.83034155E-04   0.7363982   0.0000001   0.0000788  -0.0000000     -94172.26035761     -94172.26035761          0.00000000
     30  0.85034333E-04   0.7363982   0.0000001   0.0000824  -0.0000000     -94172.26036030     -94172.26036030          0.00000000
     31  0.82076563E-04   0.7363982   0.0000001   0.0000798  -0.0000000     -94172.26035839     -94172.26035839          0.00000000
     32  0.73839112E-04   0.7363982   0.0000001   0.0000756  -0.0000000     -94172.26035524     -94172.26035524          0.00000000
     33  0.45211139E-04   0.7363981   0.0000001   0.0000543  -0.0000000     -94172.26033945     -94172.26033945          0.00000000
     34  0.34120749E-04   0.7363981   0.0000001   0.0000497  -0.0000000     -94172.26033607     -94172.26033607          0.00000000
     35  0.33775665E-04   0.7363981   0.0000001   0.0000470  -0.0000000     -94172.26033408     -94172.26033408          0.00000000
     36  0.32864620E-04   0.7363981   0.0000001   0.0000465  -0.0000000     -94172.26033369     -94172.26033369          0.00000000
     37  0.30718250E-04   0.7363981   0.0000001   0.0000438  -0.0000000     -94172.26033168     -94172.26033168          0.00000000
     38  0.20705140E-04   0.7363981   0.0000001   0.0000328  -0.0000000     -94172.26032355     -94172.26032355          0.00000000
     39  0.13759723E-04   0.7363981   0.0000000   0.0000233  -0.0000000     -94172.26031651     -94172.26031651          0.00000000
     40  0.13737894E-04   0.7363981   0.0000000   0.0000239  -0.0000000     -94172.26031696     -94172.26031696          0.00000000
     41  0.13324726E-04   0.7363981   0.0000000   0.0000230  -0.0000000     -94172.26031632     -94172.26031632          0.00000000
     42  0.12843302E-04   0.7363981   0.0000000   0.0000223  -0.0000000     -94172.26031579     -94172.26031579          0.00000000
     43  0.93245745E-05   0.7363981   0.0000000   0.0000164  -0.0000000     -94172.26031146     -94172.26031146          0.00000000
     44  0.60620558E-05   0.7363981   0.0000000   0.0000116  -0.0000000     -94172.26030789     -94172.26030789          0.00000000
     45  0.55168722E-05   0.7363981   0.0000000   0.0000104  -0.0000000     -94172.26030699     -94172.26030699          0.00000000
     46  0.55017208E-05   0.7363981   0.0000000   0.0000105  -0.0000000     -94172.26030705     -94172.26030705          0.00000000
     47  0.53343745E-05   0.7363981   0.0000000   0.0000102  -0.0000000     -94172.26030682     -94172.26030682          0.00000000
     48  0.43324648E-05   0.7363981   0.0000000   0.0000084  -0.0000000     -94172.26030554     -94172.26030554          0.00000000
     49  0.26295558E-05   0.7363981   0.0000000   0.0000052  -0.0000000     -94172.26030317     -94172.26030317          0.00000000
     50  0.22921808E-05   0.7363981   0.0000000   0.0000048  -0.0000000     -94172.26030282     -94172.26030282          0.00000000
     51  0.22690528E-05   0.7363981   0.0000000   0.0000046  -0.0000000     -94172.26030274     -94172.26030274          0.00000000
     52  0.22079518E-05   0.7363981   0.0000000   0.0000045  -0.0000000     -94172.26030266     -94172.26030266          0.00000000
     53  0.19313057E-05   0.7363981   0.0000000   0.0000040  -0.0000000     -94172.26030225     -94172.26030225          0.00000000
     54  0.12424784E-05   0.7363981   0.0000000   0.0000027  -0.0000000     -94172.26030129     -94172.26030129          0.00000000
     55  0.93342790E-06   0.7363981   0.0000000   0.0000020  -0.0000000     -94172.26030080     -94172.26030080          0.00000000
     56  0.95082965E-06   0.7363981   0.0000000   0.0000021  -0.0000000     -94172.26030085     -94172.26030085          0.00000000
     57  0.91861984E-06   0.7363981   0.0000000   0.0000020  -0.0000000     -94172.26030080     -94172.26030080          0.00000000
     58  0.85857748E-06   0.7363981   0.0000000   0.0000019  -0.0000000     -94172.26030071     -94172.26030071          0.00000000
     59  0.57398415E-06   0.7363981   0.0000000   0.0000013  -0.0000000     -94172.26030026     -94172.26030026          0.00000000
     60  0.40772741E-06   0.7363981   0.0000000   0.0000010  -0.0000000     -94172.26030002     -94172.26030002          0.00000000
     61  0.39154976E-06   0.7363981   0.0000000   0.0000009  -0.0000000     -94172.26029998     -94172.26029998          0.00000000
     62  0.38506304E-06   0.7363981   0.0000000   0.0000009  -0.0000000     -94172.26029997     -94172.26029997          0.00000000
     63  0.37007197E-06   0.7363981   0.0000000   0.0000009  -0.0000000     -94172.26029995     -94172.26029995          0.00000000
     64  0.28140234E-06   0.7363981   0.0000000   0.0000007  -0.0000000     -94172.26029980     -94172.26029980          0.00000000
     65  0.18089895E-06   0.7363981   0.0000000   0.0000004  -0.0000000     -94172.26029962     -94172.26029962          0.00000000
     66  0.17062383E-06   0.7363981   0.0000000   0.0000004  -0.0000000     -94172.26029961     -94172.26029961          0.00000000
     67  0.16699018E-06   0.7363981   0.0000000   0.0000004  -0.0000000     -94172.26029960     -94172.26029960          0.00000000
     68  0.16280436E-06   0.7363981   0.0000000   0.0000004  -0.0000000     -94172.26029960     -94172.26029960          0.00000000
     69  0.13367881E-06   0.7363981   0.0000000   0.0000003  -0.0000000     -94172.26029955     -94172.26029955          0.00000000
     70  0.89931760E-07   0.7363981   0.0000000   0.0000002  -0.0000000     -94172.26029948     -94172.26029948          0.00000000
# ----------------- calculation finished ----------------------
