# site betah h T M DoS(Ef) N Ef
sublattice 1 3.0 0.0007763512459847201 40.8587231998407
sublattice 2 1.0304530730703751 0.0004303071161732676 65.932281022431
1 3.0 0.0007864707782039308 41.3934857724989 25.111997374071517 616.1864825331179 214.32965095586883 0.7051382890089276
2 3.0 0.0007669764907296698 40.3674635133818 25.111997374071517 616.1864825331179 214.32965095586883 0.7051382890089276
3 3.0 0.0007864707780216427 41.39348576290472 25.111997374071517 616.1864825331179 214.32965095586883 0.7051382890089276
4 3.0 0.0007669764913890664 40.36746354808713 25.111997374071517 616.1864825331179 214.32965095586883 0.7051382890089276
5 3.0 0.0007673960661381448 40.389546582235155 25.111997374071517 616.1864825331179 214.32965095586883 0.7051382890089276
6 3.0 0.0007866707378176112 41.404010034603864 25.111997374071517 616.1864825331179 214.32965095586883 0.7051382890089276
7 3.0 0.0007673960663831396 40.3895465951297 25.111997374071517 616.1864825331179 214.32965095586883 0.7051382890089276
8 3.0 0.0007866707379860303 41.404010043468105 25.111997374071517 616.1864825331179 214.32965095586883 0.7051382890089276
9 3.0 0.0007668823198103412 40.36250711437118 25.111997374071517 616.1864825331179 214.32965095586883 0.7051382890089276
10 3.0 0.0007869504121000575 41.41872983649145 25.111997374071517 616.1864825331179 214.32965095586883 0.7051382890089276
11 3.0 0.000766882320292171 40.36250713973083 25.111997374071517 616.1864825331179 214.32965095586883 0.7051382890089276
12 3.0 0.0007869504123237144 41.41872984826296 25.111997374071517 616.1864825331179 214.32965095586883 0.7051382890089276
13 3.0 0.0007670254696861866 40.37004136957477 25.111997374071517 616.1864825331179 214.32965095586883 0.7051382890089276
14 3.0 0.0007840148748534438 41.26422680010216 25.111997374071517 616.1864825331179 214.32965095586883 0.7051382890089276
15 3.0 0.000767025470179515 40.37004139553961 25.111997374071517 616.1864825331179 214.32965095586883 0.7051382890089276
16 3.0 0.0007840148747490037 41.26422679460525 25.111997374071517 616.1864825331179 214.32965095586883 0.7051382890089276
17 3.0 0.0007673633576155666 40.38782507105148 25.111997374071517 616.1864825331179 214.32965095586883 0.7051382890089276
18 3.0 0.00078506201803138 41.31933998493135 25.111997374071517 616.1864825331179 214.32965095586883 0.7051382890089276
19 3.0 0.000767363357670842 40.38782507396072 25.111997374071517 616.1864825331179 214.32965095586883 0.7051382890089276
20 3.0 0.0007850620182489887 41.31933999638452 25.111997374071517 616.1864825331179 214.32965095586883 0.7051382890089276
21 3.0 0.0007841777467959125 41.27279906871066 25.111997374071517 616.1864825331179 214.32965095586883 0.7051382890089276
22 3.0 0.0007672246787472511 40.380526132771834 25.111997374071517 616.1864825331179 214.32965095586883 0.7051382890089276
23 3.0 0.0007841777470052783 41.27279907973001 25.111997374071517 616.1864825331179 214.32965095586883 0.7051382890089276
24 3.0 0.0007672246788560892 40.380526138500194 25.111997374071517 616.1864825331179 214.32965095586883 0.7051382890089276
25 1.0304530730703751 0.0004302224557215528 65.92278144651772 25.111997374071517 616.1864825331179 214.32965095586883 0.7051382890089276
26 1.0304530730703751 0.00043039177662496683 65.94872640629062 25.111997374071517 616.1864825331179 214.32965095586883 0.7051382890089276
27 0.0 -1.689626782458961e-13 0.0 25.111997374071517 616.1864825331179 214.32965095586883 0.7051382890089276
28 0.0 -1.6884109229012988e-13 0.0 25.111997374071517 616.1864825331179 214.32965095586883 0.7051382890089276
29 0.0 -9.820483476357139e-14 0.0 25.111997374071517 616.1864825331179 214.32965095586883 0.7051382890089276
30 0.0 -9.804924632326566e-14 0.0 25.111997374071517 616.1864825331179 214.32965095586883 0.7051382890089276
31 0.0 -9.801283495185888e-14 0.0 25.111997374071517 616.1864825331179 214.32965095586883 0.7051382890089276
32 0.0 -9.82200761153583e-14 0.0 25.111997374071517 616.1864825331179 214.32965095586883 0.7051382890089276
33 0.0 -9.811136478735824e-14 0.0 25.111997374071517 616.1864825331179 214.32965095586883 0.7051382890089276
34 0.0 -9.804249213474891e-14 0.0 25.111997374071517 616.1864825331179 214.32965095586883 0.7051382890089276
35 0.0 -9.821292245989039e-14 0.0 25.111997374071517 616.1864825331179 214.32965095586883 0.7051382890089276
36 0.0 -9.792877905208393e-14 0.0 25.111997374071517 616.1864825331179 214.32965095586883 0.7051382890089276
37 0.0 -9.825685210951039e-14 0.0 25.111997374071517 616.1864825331179 214.32965095586883 0.7051382890089276
38 0.0 -9.813153069404886e-14 0.0 25.111997374071517 616.1864825331179 214.32965095586883 0.7051382890089276
39 0.0 -9.793089188095729e-14 0.0 25.111997374071517 616.1864825331179 214.32965095586883 0.7051382890089276
40 0.0 -9.811952336149448e-14 0.0 25.111997374071517 616.1864825331179 214.32965095586883 0.7051382890089276
41 0.0 -3.829796474145555e-14 0.0 25.111997374071517 616.1864825331179 214.32965095586883 0.7051382890089276
42 0.0 -3.827085921753294e-14 0.0 25.111997374071517 616.1864825331179 214.32965095586883 0.7051382890089276
43 0.0 -3.815778589145127e-14 0.0 25.111997374071517 616.1864825331179 214.32965095586883 0.7051382890089276
44 0.0 -3.8494926813753624e-14 0.0 25.111997374071517 616.1864825331179 214.32965095586883 0.7051382890089276
45 0.0 -3.8342867935950343e-14 0.0 25.111997374071517 616.1864825331179 214.32965095586883 0.7051382890089276
46 0.0 -3.861763059551414e-14 0.0 25.111997374071517 616.1864825331179 214.32965095586883 0.7051382890089276
47 0.0 -3.8440640311723325e-14 0.0 25.111997374071517 616.1864825331179 214.32965095586883 0.7051382890089276
48 0.0 -3.8332450645700246e-14 0.0 25.111997374071517 616.1864825331179 214.32965095586883 0.7051382890089276
49 0.0 -3.821794049183914e-14 0.0 25.111997374071517 616.1864825331179 214.32965095586883 0.7051382890089276
50 0.0 -3.838721951787603e-14 0.0 25.111997374071517 616.1864825331179 214.32965095586883 0.7051382890089276
51 0.0 -3.815548834374741e-14 0.0 25.111997374071517 616.1864825331179 214.32965095586883 0.7051382890089276
52 0.0 -3.829742503755936e-14 0.0 25.111997374071517 616.1864825331179 214.32965095586883 0.7051382890089276
