# site betah h T M DoS(Ef) N Ef
sublattice 1 1.0 0.0006619182134807843 104.50862237455618
sublattice 2 0.3821055429008682 0.0003322492773018892 137.2867104044392
1 1.0 0.0006640353377674283 104.8484122214993 11.528967449749073 604.9146958826948 214.43730515786487 0.7074819564015081
2 1.0 0.0006602352346848927 104.24839177418353 11.528967449749073 604.9146958826948 214.43730515786487 0.7074819564015081
3 1.0 0.0006640353376680828 104.84841220581305 11.528967449749073 604.9146958826948 214.43730515786487 0.7074819564015081
4 1.0 0.0006602352349071338 104.2483918092745 11.528967449749073 604.9146958826948 214.43730515786487 0.7074819564015081
5 1.0 0.0006601337585056085 104.23236910843758 11.528967449749073 604.9146958826948 214.43730515786487 0.7074819564015081
6 1.0 0.0006641574542590524 104.86769390672382 11.528967449749073 604.9146958826948 214.43730515786487 0.7074819564015081
7 1.0 0.0006601337585598495 104.23236911700201 11.528967449749073 604.9146958826948 214.43730515786487 0.7074819564015081
8 1.0 0.0006641574542823317 104.86769391039951 11.528967449749073 604.9146958826948 214.43730515786487 0.7074819564015081
9 1.0 0.0006601749293062549 104.23886980654366 11.528967449749073 604.9146958826948 214.43730515786487 0.7074819564015081
10 1.0 0.0006642462147430418 104.88170881779872 11.528967449749073 604.9146958826948 214.43730515786487 0.7074819564015081
11 1.0 0.0006601749294720992 104.2388698327298 11.528967449749073 604.9146958826948 214.43730515786487 0.7074819564015081
12 1.0 0.0006642462148092376 104.88170882825075 11.528967449749073 604.9146958826948 214.43730515786487 0.7074819564015081
13 1.0 0.0006601458003264779 104.2342704617829 11.528967449749073 604.9146958826948 214.43730515786487 0.7074819564015081
14 1.0 0.0006631667565764384 104.71126687122123 11.528967449749073 604.9146958826948 214.43730515786487 0.7074819564015081
15 1.0 0.0006601458004807822 104.23427048614688 11.528967449749073 604.9146958826948 214.43730515786487 0.7074819564015081
16 1.0 0.000663166756494141 104.71126685822675 11.528967449749073 604.9146958826948 214.43730515786487 0.7074819564015081
17 1.0 0.0006601814695731218 104.23990248743267 11.528967449749073 604.9146958826948 214.43730515786487 0.7074819564015081
18 1.0 0.0006632516949016676 104.72467827936167 11.528967449749073 604.9146958826948 214.43730515786487 0.7074819564015081
19 1.0 0.0006601814695573134 104.23990248493658 11.528967449749073 604.9146958826948 214.43730515786487 0.7074819564015081
20 1.0 0.0006632516949491097 104.72467828685254 11.528967449749073 604.9146958826948 214.43730515786487 0.7074819564015081
21 1.0 0.000663043266810875 104.69176835176515 11.528967449749073 604.9146958826948 214.43730515786487 0.7074819564015081
22 1.0 0.0006602466440258753 104.25019326159543 11.528967449749073 604.9146958826948 214.43730515786487 0.7074819564015081
23 1.0 0.0006630432668521665 104.6917683582849 11.528967449749073 604.9146958826948 214.43730515786487 0.7074819564015081
24 1.0 0.0006602466440258675 104.25019326159422 11.528967449749073 604.9146958826948 214.43730515786487 0.7074819564015081
25 0.3821055429008682 0.00033226395821749283 137.30000864078343 11.528967449749073 604.9146958826948 214.43730515786487 0.7074819564015081
26 0.3821055429008682 0.00033223459638629277 137.28787557727495 11.528967449749073 604.9146958826948 214.43730515786487 0.7074819564015081
27 0.0 -8.052154626027785e-14 0.0 11.528967449749073 604.9146958826948 214.43730515786487 0.7074819564015081
28 0.0 -8.044953376455286e-14 0.0 11.528967449749073 604.9146958826948 214.43730515786487 0.7074819564015081
29 0.0 -4.568372751966629e-14 0.0 11.528967449749073 604.9146958826948 214.43730515786487 0.7074819564015081
30 0.0 -4.546920734967186e-14 0.0 11.528967449749073 604.9146958826948 214.43730515786487 0.7074819564015081
31 0.0 -4.529716027721906e-14 0.0 11.528967449749073 604.9146958826948 214.43730515786487 0.7074819564015081
32 0.0 -4.552134196613145e-14 0.0 11.528967449749073 604.9146958826948 214.43730515786487 0.7074819564015081
33 0.0 -4.549602097342537e-14 0.0 11.528967449749073 604.9146958826948 214.43730515786487 0.7074819564015081
34 0.0 -4.538912254330053e-14 0.0 11.528967449749073 604.9146958826948 214.43730515786487 0.7074819564015081
35 0.0 -4.557666055650485e-14 0.0 11.528967449749073 604.9146958826948 214.43730515786487 0.7074819564015081
36 0.0 -4.541322537661104e-14 0.0 11.528967449749073 604.9146958826948 214.43730515786487 0.7074819564015081
37 0.0 -4.557080266501466e-14 0.0 11.528967449749073 604.9146958826948 214.43730515786487 0.7074819564015081
38 0.0 -4.543982514153606e-14 0.0 11.528967449749073 604.9146958826948 214.43730515786487 0.7074819564015081
39 0.0 -4.54337844832816e-14 0.0 11.528967449749073 604.9146958826948 214.43730515786487 0.7074819564015081
40 0.0 -4.537422134669117e-14 0.0 11.528967449749073 604.9146958826948 214.43730515786487 0.7074819564015081
41 0.0 -1.8080497521121567e-14 0.0 11.528967449749073 604.9146958826948 214.43730515786487 0.7074819564015081
42 0.0 -1.8231505589278234e-14 0.0 11.528967449749073 604.9146958826948 214.43730515786487 0.7074819564015081
43 0.0 -1.80187265140743e-14 0.0 11.528967449749073 604.9146958826948 214.43730515786487 0.7074819564015081
44 0.0 -1.796160964632719e-14 0.0 11.528967449749073 604.9146958826948 214.43730515786487 0.7074819564015081
45 0.0 -1.825024867249072e-14 0.0 11.528967449749073 604.9146958826948 214.43730515786487 0.7074819564015081
46 0.0 -1.8266905977881952e-14 0.0 11.528967449749073 604.9146958826948 214.43730515786487 0.7074819564015081
47 0.0 -1.8122113710717594e-14 0.0 11.528967449749073 604.9146958826948 214.43730515786487 0.7074819564015081
48 0.0 -1.8098128774885192e-14 0.0 11.528967449749073 604.9146958826948 214.43730515786487 0.7074819564015081
49 0.0 -1.813813013594994e-14 0.0 11.528967449749073 604.9146958826948 214.43730515786487 0.7074819564015081
50 0.0 -1.8175414476764184e-14 0.0 11.528967449749073 604.9146958826948 214.43730515786487 0.7074819564015081
51 0.0 -1.8195453795267086e-14 0.0 11.528967449749073 604.9146958826948 214.43730515786487 0.7074819564015081
52 0.0 -1.802937041086244e-14 0.0 11.528967449749073 604.9146958826948 214.43730515786487 0.7074819564015081
