# site betah h T M DoS(Ef) N Ef
sublattice 1 4.0 0.011408778261168975 450.3259144289159
sublattice 2 4.4 0.009421037525250229 338.0600479343476
1 4.0 0.011394290900224523 449.77776247978204 37.01301176720128 528.3696124313741 219.60678568671273 0.6391829
2 4.0 0.011423524900819375 450.9317441900909 37.01301176720128 528.3696124313741 219.60678568671273 0.6391829
3 4.0 0.01139429089966396 449.7777624576543 37.01301176720128 528.3696124313741 219.60678568671273 0.6391829
4 4.0 0.011423524900293384 450.931744169328 37.01301176720128 528.3696124313741 219.60678568671273 0.6391829
5 4.0 0.011424816527820656 450.98272982143504 37.01301176720128 528.3696124313741 219.60678568671273 0.6391829
6 4.0 0.011393832673834528 449.7596744734811 37.01301176720128 528.3696124313741 219.60678568671273 0.6391829
7 4.0 0.011424816527348986 450.9827298028164 37.01301176720128 528.3696124313741 219.60678568671273 0.6391829
8 4.0 0.01139383267337735 449.75967445543426 37.01301176720128 528.3696124313741 219.60678568671273 0.6391829
9 4.0 0.011424457302481428 450.96854977530467 37.01301176720128 528.3696124313741 219.60678568671273 0.6391829
10 4.0 0.011394120797503014 449.7710478529351 37.01301176720128 528.3696124313741 219.60678568671273 0.6391829
11 4.0 0.011424457301472252 450.9685497354685 37.01301176720128 528.3696124313741 219.60678568671273 0.6391829
12 4.0 0.011394120796834639 449.77104782655175 37.01301176720128 528.3696124313741 219.60678568671273 0.6391829
13 4.0 0.011424188164906464 450.9579258500964 37.01301176720128 528.3696124313741 219.60678568671273 0.6391829
14 4.0 0.011393764129518065 449.7569687583232 37.01301176720128 528.3696124313741 219.60678568671273 0.6391829
15 4.0 0.011424188164434636 450.95792583147136 37.01301176720128 528.3696124313741 219.60678568671273 0.6391829
16 4.0 0.011393764128982747 449.756968737192 37.01301176720128 528.3696124313741 219.60678568671273 0.6391829
17 4.0 0.011424499533150204 450.97021678691465 37.01301176720128 528.3696124313741 219.60678568671273 0.6391829
18 4.0 0.011392497368595053 449.7069646877309 37.01301176720128 528.3696124313741 219.60678568671273 0.6391829
19 4.0 0.011424499531428335 450.97021671894566 37.01301176720128 528.3696124313741 219.60678568671273 0.6391829
20 4.0 0.011392497368034646 449.7069646656095 37.01301176720128 528.3696124313741 219.60678568671273 0.6391829
21 4.0 0.011392630551579299 449.71222194666393 37.01301176720128 528.3696124313741 219.60678568671273 0.6391829
22 4.0 0.011422716287944395 450.8998250392471 37.01301176720128 528.3696124313741 219.60678568671273 0.6391829
23 4.0 0.011392630550805406 449.71222191611537 37.01301176720128 528.3696124313741 219.60678568671273 0.6391829
24 4.0 0.011422716287001174 450.8998250020143 37.01301176720128 528.3696124313741 219.60678568671273 0.6391829
25 4.4 0.009421048038366351 338.07823322093196 37.01301176720128 528.3696124313741 219.60678568671273 0.6391829
26 4.4 0.009421027012134157 338.0774786858864 37.01301176720128 528.3696124313741 219.60678568671273 0.6391829
27 0.0 4.888566203295552e-16 0.0 37.01301176720128 528.3696124313741 219.60678568671273 0.6391829
28 0.0 5.129149103936237e-16 0.0 37.01301176720128 528.3696124313741 219.60678568671273 0.6391829
29 0.0 -6.45367663360505e-16 0.0 37.01301176720128 528.3696124313741 219.60678568671273 0.6391829
30 0.0 -5.202251744835249e-16 0.0 37.01301176720128 528.3696124313741 219.60678568671273 0.6391829
31 0.0 -5.784713291504201e-16 0.0 37.01301176720128 528.3696124313741 219.60678568671273 0.6391829
32 0.0 -8.953216693198848e-16 0.0 37.01301176720128 528.3696124313741 219.60678568671273 0.6391829
33 0.0 -1.146365782211216e-15 0.0 37.01301176720128 528.3696124313741 219.60678568671273 0.6391829
34 0.0 -8.955188794612733e-16 0.0 37.01301176720128 528.3696124313741 219.60678568671273 0.6391829
35 0.0 -8.470191892446426e-16 0.0 37.01301176720128 528.3696124313741 219.60678568671273 0.6391829
36 0.0 -6.733394013532088e-16 0.0 37.01301176720128 528.3696124313741 219.60678568671273 0.6391829
37 0.0 -9.673314991213383e-16 0.0 37.01301176720128 528.3696124313741 219.60678568671273 0.6391829
38 0.0 -9.32224599815576e-16 0.0 37.01301176720128 528.3696124313741 219.60678568671273 0.6391829
39 0.0 -7.693849647365378e-16 0.0 37.01301176720128 528.3696124313741 219.60678568671273 0.6391829
40 0.0 -7.806361966319866e-16 0.0 37.01301176720128 528.3696124313741 219.60678568671273 0.6391829
41 0.0 -1.8127578104523923e-15 0.0 37.01301176720128 528.3696124313741 219.60678568671273 0.6391829
42 0.0 -1.7500355800862426e-15 0.0 37.01301176720128 528.3696124313741 219.60678568671273 0.6391829
43 0.0 -1.9009370463058845e-15 0.0 37.01301176720128 528.3696124313741 219.60678568671273 0.6391829
44 0.0 -1.5053830474558022e-15 0.0 37.01301176720128 528.3696124313741 219.60678568671273 0.6391829
45 0.0 -1.2504426430814518e-15 0.0 37.01301176720128 528.3696124313741 219.60678568671273 0.6391829
46 0.0 -1.4174110663049316e-15 0.0 37.01301176720128 528.3696124313741 219.60678568671273 0.6391829
47 0.0 -1.741123529220993e-15 0.0 37.01301176720128 528.3696124313741 219.60678568671273 0.6391829
48 0.0 -1.1182629965414307e-15 0.0 37.01301176720128 528.3696124313741 219.60678568671273 0.6391829
49 0.0 -1.197022837660613e-15 0.0 37.01301176720128 528.3696124313741 219.60678568671273 0.6391829
50 0.0 -1.5152974813451051e-15 0.0 37.01301176720128 528.3696124313741 219.60678568671273 0.6391829
51 0.0 -2.227870188275576e-15 0.0 37.01301176720128 528.3696124313741 219.60678568671273 0.6391829
52 0.0 -9.006993637479467e-16 0.0 37.01301176720128 528.3696124313741 219.60678568671273 0.6391829
