# site betah h T M DoS(Ef) N Ef
sublattice 1 4.0 0.005932519773665043 234.16770234165278
sublattice 2 2.936439297875775 0.004354599145398685 234.1396404047807
1 4.0 0.005926540571661262 233.9440148110048 37.860254065606235 541.8832949378263 214.48167046672643 0.6295090326499281
2 4.0 0.0059395123552847045 234.4560624500785 37.860254065606235 541.8832949378263 214.48167046672643 0.6295090326499281
3 4.0 0.005926540571257496 233.94401479506658 37.860254065606235 541.8832949378263 214.48167046672643 0.6295090326499281
4 4.0 0.0059395123549264815 234.45606243593807 37.860254065606235 541.8832949378263 214.48167046672643 0.6295090326499281
5 4.0 0.005940531482149746 234.49629142337687 37.860254065606235 541.8832949378263 214.48167046672643 0.6295090326499281
6 4.0 0.005924638685994446 233.86893985705484 37.860254065606235 541.8832949378263 214.48167046672643 0.6295090326499281
7 4.0 0.005940531481831468 234.49629141081311 37.860254065606235 541.8832949378263 214.48167046672643 0.6295090326499281
8 4.0 0.005924638685686602 233.86893984490305 37.860254065606235 541.8832949378263 214.48167046672643 0.6295090326499281
9 4.0 0.00594016232763298 234.48171943186043 37.860254065606235 541.8832949378263 214.48167046672643 0.6295090326499281
10 4.0 0.005925382686473017 233.89830850014238 37.860254065606235 541.8832949378263 214.48167046672643 0.6295090326499281
11 4.0 0.005940162326796666 234.48171939884773 37.860254065606235 541.8832949378263 214.48167046672643 0.6295090326499281
12 4.0 0.005925382686226801 233.89830849042318 37.860254065606235 541.8832949378263 214.48167046672643 0.6295090326499281
13 4.0 0.005940503504659387 234.49518704080373 37.860254065606235 541.8832949378263 214.48167046672643 0.6295090326499281
14 4.0 0.005924387385787768 233.85902004285253 37.860254065606235 541.8832949378263 214.48167046672643 0.6295090326499281
15 4.0 0.005940503504262984 234.4951870251561 37.860254065606235 541.8832949378263 214.48167046672643 0.6295090326499281
16 4.0 0.005924387385323303 233.85902002451837 37.860254065606235 541.8832949378263 214.48167046672643 0.6295090326499281
17 4.0 0.005940524456755587 234.4960141021996 37.860254065606235 541.8832949378263 214.48167046672643 0.6295090326499281
18 4.0 0.005923849325927841 233.8377806901837 37.860254065606235 541.8832949378263 214.48167046672643 0.6295090326499281
19 4.0 0.005940524454770175 234.49601402382743 37.860254065606235 541.8832949378263 214.48167046672643 0.6295090326499281
20 4.0 0.005923849325571807 233.83778067612963 37.860254065606235 541.8832949378263 214.48167046672643 0.6295090326499281
21 4.0 0.00592499805720873 233.88312565989048 37.860254065606235 541.8832949378263 214.48167046672643 0.6295090326499281
22 4.0 0.005939206447841835 234.44398707269877 37.860254065606235 541.8832949378263 214.48167046672643 0.6295090326499281
23 4.0 0.005924998056608891 233.88312563621253 37.860254065606235 541.8832949378263 214.48167046672643 0.6295090326499281
24 4.0 0.005939206447319532 234.44398705208135 37.860254065606235 541.8832949378263 214.48167046672643 0.6295090326499281
25 2.936439297875775 0.004354223611118612 234.13178144126894 37.860254065606235 541.8832949378263 214.48167046672643 0.6295090326499281
26 2.936439297875775 0.00435497467967871 234.17216729095983 37.860254065606235 541.8832949378263 214.48167046672643 0.6295090326499281
27 0.0 4.677270728449723e-16 0.0 37.860254065606235 541.8832949378263 214.48167046672643 0.6295090326499281
28 0.0 5.076009503684283e-16 0.0 37.860254065606235 541.8832949378263 214.48167046672643 0.6295090326499281
29 0.0 -3.214723321408546e-16 0.0 37.860254065606235 541.8832949378263 214.48167046672643 0.6295090326499281
30 0.0 -7.23131540336183e-16 0.0 37.860254065606235 541.8832949378263 214.48167046672643 0.6295090326499281
31 0.0 -5.629891289812722e-16 0.0 37.860254065606235 541.8832949378263 214.48167046672643 0.6295090326499281
32 0.0 -4.508647520889497e-16 0.0 37.860254065606235 541.8832949378263 214.48167046672643 0.6295090326499281
33 0.0 -5.593936455775629e-16 0.0 37.860254065606235 541.8832949378263 214.48167046672643 0.6295090326499281
34 0.0 -8.3090774443508215e-16 0.0 37.860254065606235 541.8832949378263 214.48167046672643 0.6295090326499281
35 0.0 -8.530284561362389e-16 0.0 37.860254065606235 541.8832949378263 214.48167046672643 0.6295090326499281
36 0.0 -1.1394451764000637e-15 0.0 37.860254065606235 541.8832949378263 214.48167046672643 0.6295090326499281
37 0.0 -7.55201512868167e-16 0.0 37.860254065606235 541.8832949378263 214.48167046672643 0.6295090326499281
38 0.0 -7.267168202810895e-16 0.0 37.860254065606235 541.8832949378263 214.48167046672643 0.6295090326499281
39 0.0 -8.099783233554969e-16 0.0 37.860254065606235 541.8832949378263 214.48167046672643 0.6295090326499281
40 0.0 -6.640619414105784e-16 0.0 37.860254065606235 541.8832949378263 214.48167046672643 0.6295090326499281
41 0.0 -8.163722997037011e-16 0.0 37.860254065606235 541.8832949378263 214.48167046672643 0.6295090326499281
42 0.0 -1.986325042366465e-15 0.0 37.860254065606235 541.8832949378263 214.48167046672643 0.6295090326499281
43 0.0 -1.1307628357166181e-15 0.0 37.860254065606235 541.8832949378263 214.48167046672643 0.6295090326499281
44 0.0 -6.399645282033667e-16 0.0 37.860254065606235 541.8832949378263 214.48167046672643 0.6295090326499281
45 0.0 -1.6402521320719254e-15 0.0 37.860254065606235 541.8832949378263 214.48167046672643 0.6295090326499281
46 0.0 -1.512376962830611e-15 0.0 37.860254065606235 541.8832949378263 214.48167046672643 0.6295090326499281
47 0.0 -1.3961638706892231e-15 0.0 37.860254065606235 541.8832949378263 214.48167046672643 0.6295090326499281
48 0.0 -2.1026295245124667e-15 0.0 37.860254065606235 541.8832949378263 214.48167046672643 0.6295090326499281
49 0.0 -1.1519143916903568e-15 0.0 37.860254065606235 541.8832949378263 214.48167046672643 0.6295090326499281
50 0.0 -1.779960041646733e-15 0.0 37.860254065606235 541.8832949378263 214.48167046672643 0.6295090326499281
51 0.0 -1.1357971331765959e-15 0.0 37.860254065606235 541.8832949378263 214.48167046672643 0.6295090326499281
52 0.0 -1.4670687913476596e-15 0.0 37.860254065606235 541.8832949378263 214.48167046672643 0.6295090326499281
