# site betah h T M DoS(Ef) N Ef
sublattice 1 0.5 0.0007908889930533875 249.74299673839977
sublattice 2 0.37879714211567894 0.0006777836722167167 282.50894302778903
1 0.5 0.0007896152687099394 249.35392032924534 6.857040797254672 598.6083169483642 214.45216507001808 0.6831618186131304
2 0.5 0.0007923842096771528 250.2283288009189 6.857040797254672 598.6083169483642 214.45216507001808 0.6831618186131304
3 0.5 0.0007896152686045103 249.35392029595164 6.857040797254672 598.6083169483642 214.45216507001808 0.6831618186131304
4 0.5 0.0007923842094938523 250.22832874303418 6.857040797254672 598.6083169483642 214.45216507001808 0.6831618186131304
5 0.5 0.0007923447721198291 250.21587474884805 6.857040797254672 598.6083169483642 214.45216507001808 0.6831618186131304
6 0.5 0.0007896728317059672 249.37209824369583 6.857040797254672 598.6083169483642 214.45216507001808 0.6831618186131304
7 0.5 0.0007923447721568246 250.2158747605309 6.857040797254672 598.6083169483642 214.45216507001808 0.6831618186131304
8 0.5 0.0007896728317004965 249.37209824196816 6.857040797254672 598.6083169483642 214.45216507001808 0.6831618186131304
9 0.5 0.0007923427648878426 250.21524088166765 6.857040797254672 598.6083169483642 214.45216507001808 0.6831618186131304
10 0.5 0.0007896739462266913 249.3724502000312 6.857040797254672 598.6083169483642 214.45216507001808 0.6831618186131304
11 0.5 0.0007923427648552218 250.2152408713663 6.857040797254672 598.6083169483642 214.45216507001808 0.6831618186131304
12 0.5 0.0007896739462398943 249.37245020420053 6.857040797254672 598.6083169483642 214.45216507001808 0.6831618186131304
13 0.5 0.0007923371669986682 250.21347311497522 6.857040797254672 598.6083169483642 214.45216507001808 0.6831618186131304
14 0.5 0.000789216116750331 249.22787146724858 6.857040797254672 598.6083169483642 214.45216507001808 0.6831618186131304
15 0.5 0.000792337166891224 250.2134730810452 6.857040797254672 598.6083169483642 214.45216507001808 0.6831618186131304
16 0.5 0.0007892161166864248 249.22787144706749 6.857040797254672 598.6083169483642 214.45216507001808 0.6831618186131304
17 0.5 0.0007923327603795006 250.21208154131776 6.857040797254672 598.6083169483642 214.45216507001808 0.6831618186131304
18 0.5 0.0007892146882378519 249.2274203549015 6.857040797254672 598.6083169483642 214.45216507001808 0.6831618186131304
19 0.5 0.0007923327604931934 250.21208157722103 6.857040797254672 598.6083169483642 214.45216507001808 0.6831618186131304
20 0.5 0.0007892146882223449 249.22742035000442 6.857040797254672 598.6083169483642 214.45216507001808 0.6831618186131304
21 0.5 0.000789157534006333 249.209371524904 6.857040797254672 598.6083169483642 214.45216507001808 0.6831618186131304
22 0.5 0.0007923758571236983 250.22569113416478 6.857040797254672 598.6083169483642 214.45216507001808 0.6831618186131304
23 0.5 0.0007891575340035866 249.20937152403684 6.857040797254672 598.6083169483642 214.45216507001808 0.6831618186131304
24 0.5 0.0007923758571112405 250.22569113023067 6.857040797254672 598.6083169483642 214.45216507001808 0.6831618186131304
25 0.37879714211567894 0.0006777796635193659 282.5221535512386 6.857040797254672 598.6083169483642 214.45216507001808 0.6831618186131304
26 0.37879714211567894 0.0006777876809141469 282.52549548046653 6.857040797254672 598.6083169483642 214.45216507001808 0.6831618186131304
27 0.0 -1.6353506172437468e-17 0.0 6.857040797254672 598.6083169483642 214.45216507001808 0.6831618186131304
28 0.0 3.93865444227482e-17 0.0 6.857040797254672 598.6083169483642 214.45216507001808 0.6831618186131304
29 0.0 -4.630575316412013e-16 0.0 6.857040797254672 598.6083169483642 214.45216507001808 0.6831618186131304
30 0.0 -9.765461191131507e-16 0.0 6.857040797254672 598.6083169483642 214.45216507001808 0.6831618186131304
31 0.0 -1.6719471401627588e-15 0.0 6.857040797254672 598.6083169483642 214.45216507001808 0.6831618186131304
32 0.0 -1.3594723504047083e-15 0.0 6.857040797254672 598.6083169483642 214.45216507001808 0.6831618186131304
33 0.0 -1.4013576531414155e-15 0.0 6.857040797254672 598.6083169483642 214.45216507001808 0.6831618186131304
34 0.0 -1.1632666204376785e-15 0.0 6.857040797254672 598.6083169483642 214.45216507001808 0.6831618186131304
35 0.0 -1.3649563591585259e-15 0.0 6.857040797254672 598.6083169483642 214.45216507001808 0.6831618186131304
36 0.0 -9.095372025182127e-16 0.0 6.857040797254672 598.6083169483642 214.45216507001808 0.6831618186131304
37 0.0 -9.560177855685495e-16 0.0 6.857040797254672 598.6083169483642 214.45216507001808 0.6831618186131304
38 0.0 -1.6220923081414406e-15 0.0 6.857040797254672 598.6083169483642 214.45216507001808 0.6831618186131304
39 0.0 -1.0157571162719375e-15 0.0 6.857040797254672 598.6083169483642 214.45216507001808 0.6831618186131304
40 0.0 -1.719856854941135e-15 0.0 6.857040797254672 598.6083169483642 214.45216507001808 0.6831618186131304
41 0.0 -1.0077435140579905e-15 0.0 6.857040797254672 598.6083169483642 214.45216507001808 0.6831618186131304
42 0.0 -8.228382748763638e-16 0.0 6.857040797254672 598.6083169483642 214.45216507001808 0.6831618186131304
43 0.0 -1.4746357508310646e-15 0.0 6.857040797254672 598.6083169483642 214.45216507001808 0.6831618186131304
44 0.0 -1.0919507198570623e-15 0.0 6.857040797254672 598.6083169483642 214.45216507001808 0.6831618186131304
45 0.0 -1.170996677967458e-15 0.0 6.857040797254672 598.6083169483642 214.45216507001808 0.6831618186131304
46 0.0 -8.876873768447187e-16 0.0 6.857040797254672 598.6083169483642 214.45216507001808 0.6831618186131304
47 0.0 -8.68602912276228e-16 0.0 6.857040797254672 598.6083169483642 214.45216507001808 0.6831618186131304
48 0.0 -9.770961547850146e-16 0.0 6.857040797254672 598.6083169483642 214.45216507001808 0.6831618186131304
49 0.0 -9.075548888866171e-16 0.0 6.857040797254672 598.6083169483642 214.45216507001808 0.6831618186131304
50 0.0 -6.31043909581936e-16 0.0 6.857040797254672 598.6083169483642 214.45216507001808 0.6831618186131304
51 0.0 -7.42644085507836e-16 0.0 6.857040797254672 598.6083169483642 214.45216507001808 0.6831618186131304
52 0.0 -9.661592208874423e-16 0.0 6.857040797254672 598.6083169483642 214.45216507001808 0.6831618186131304
