# site betah h T M DoS(Ef) N Ef
sublattice 1 2.0 0.0022042442022839007 174.01132063310456
sublattice 2 1.6172223306394715 0.0017855609993315483 174.32222219111853
1 2.0 0.0022011941981172375 173.77969508734648 22.896809780554506 596.1992462536899 214.4781390689861 0.6809814550947505
2 2.0 0.0022079501149356107 174.31306063607693 22.896809780554506 596.1992462536899 214.4781390689861 0.6809814550947505
3 2.0 0.0022011941977588888 173.7796950590556 22.896809780554506 596.1992462536899 214.4781390689861 0.6809814550947505
4 2.0 0.002207950114302636 174.3130605861049 22.896809780554506 596.1992462536899 214.4781390689861 0.6809814550947505
5 2.0 0.002208250660001088 174.33678804237834 22.896809780554506 596.1992462536899 214.4781390689861 0.6809814550947505
6 2.0 0.0022011009581986243 173.77233398982776 22.896809780554506 596.1992462536899 214.4781390689861 0.6809814550947505
7 2.0 0.0022082506601530947 174.33678805437893 22.896809780554506 596.1992462536899 214.4781390689861 0.6809814550947505
8 2.0 0.002201100958276055 173.77233399594076 22.896809780554506 596.1992462536899 214.4781390689861 0.6809814550947505
9 2.0 0.002208078702998675 174.32321239586332 22.896809780554506 596.1992462536899 214.4781390689861 0.6809814550947505
10 2.0 0.002201140211594249 173.77543296495458 22.896809780554506 596.1992462536899 214.4781390689861 0.6809814550947505
11 2.0 0.002208078702913801 174.3232123891627 22.896809780554506 596.1992462536899 214.4781390689861 0.6809814550947505
12 2.0 0.002201140211658822 173.77543297005255 22.896809780554506 596.1992462536899 214.4781390689861 0.6809814550947505
13 2.0 0.002208150237854506 174.32885992330955 22.896809780554506 596.1992462536899 214.4781390689861 0.6809814550947505
14 2.0 0.0021995655507164045 173.6511167687723 22.896809780554506 596.1992462536899 214.4781390689861 0.6809814550947505
15 2.0 0.002208150237535086 174.32885989809202 22.896809780554506 596.1992462536899 214.4781390689861 0.6809814550947505
16 2.0 0.002199565550550094 173.65111675564242 22.896809780554506 596.1992462536899 214.4781390689861 0.6809814550947505
17 2.0 0.0022082311911693115 174.33525101810125 22.896809780554506 596.1992462536899 214.4781390689861 0.6809814550947505
18 2.0 0.0021996494161112927 173.65773776782547 22.896809780554506 596.1992462536899 214.4781390689861 0.6809814550947505
19 2.0 0.0022082311916451574 174.33525105566824 22.896809780554506 596.1992462536899 214.4781390689861 0.6809814550947505
20 2.0 0.0021996494160953467 173.65773776656653 22.896809780554506 596.1992462536899 214.4781390689861 0.6809814550947505
21 2.0 0.0021996232453117977 173.65567163714312 22.896809780554506 596.1992462536899 214.4781390689861 0.6809814550947505
22 2.0 0.0022079959408026666 174.31667849202063 22.896809780554506 596.1992462536899 214.4781390689861 0.6809814550947505
23 2.0 0.0021996232453761074 173.65567164222023 22.896809780554506 596.1992462536899 214.4781390689861 0.6809814550947505
24 2.0 0.002207995940738231 174.31667848693357 22.896809780554506 596.1992462536899 214.4781390689861 0.6809814550947505
25 1.6172223306394715 0.0017853794862627357 174.31368294827595 22.896809780554506 596.1992462536899 214.4781390689861 0.6809814550947505
26 1.6172223306394715 0.0017857425124003803 174.3491266302108 22.896809780554506 596.1992462536899 214.4781390689861 0.6809814550947505
27 0.0 4.983691905174369e-18 0.0 22.896809780554506 596.1992462536899 214.4781390689861 0.6809814550947505
28 0.0 1.944508942283388e-17 0.0 22.896809780554506 596.1992462536899 214.4781390689861 0.6809814550947505
29 0.0 -1.1596493731047405e-15 0.0 22.896809780554506 596.1992462536899 214.4781390689861 0.6809814550947505
30 0.0 -1.3367650699293916e-15 0.0 22.896809780554506 596.1992462536899 214.4781390689861 0.6809814550947505
31 0.0 -6.781907436205909e-16 0.0 22.896809780554506 596.1992462536899 214.4781390689861 0.6809814550947505
32 0.0 -1.4183274850608267e-15 0.0 22.896809780554506 596.1992462536899 214.4781390689861 0.6809814550947505
33 0.0 -1.6343153622379421e-15 0.0 22.896809780554506 596.1992462536899 214.4781390689861 0.6809814550947505
34 0.0 -9.895524301460245e-16 0.0 22.896809780554506 596.1992462536899 214.4781390689861 0.6809814550947505
35 0.0 -9.601682634433046e-16 0.0 22.896809780554506 596.1992462536899 214.4781390689861 0.6809814550947505
36 0.0 -1.1463920581188757e-15 0.0 22.896809780554506 596.1992462536899 214.4781390689861 0.6809814550947505
37 0.0 -1.2109892023238037e-15 0.0 22.896809780554506 596.1992462536899 214.4781390689861 0.6809814550947505
38 0.0 -1.6382396904006303e-15 0.0 22.896809780554506 596.1992462536899 214.4781390689861 0.6809814550947505
39 0.0 -1.0329946566278088e-15 0.0 22.896809780554506 596.1992462536899 214.4781390689861 0.6809814550947505
40 0.0 -1.4452805274254162e-15 0.0 22.896809780554506 596.1992462536899 214.4781390689861 0.6809814550947505
41 0.0 -7.946064625050463e-16 0.0 22.896809780554506 596.1992462536899 214.4781390689861 0.6809814550947505
42 0.0 -1.0808317955729411e-15 0.0 22.896809780554506 596.1992462536899 214.4781390689861 0.6809814550947505
43 0.0 -1.132193342296919e-15 0.0 22.896809780554506 596.1992462536899 214.4781390689861 0.6809814550947505
44 0.0 -9.206618517968247e-16 0.0 22.896809780554506 596.1992462536899 214.4781390689861 0.6809814550947505
45 0.0 -1.0690188538155427e-15 0.0 22.896809780554506 596.1992462536899 214.4781390689861 0.6809814550947505
46 0.0 -8.074454320242188e-16 0.0 22.896809780554506 596.1992462536899 214.4781390689861 0.6809814550947505
47 0.0 -8.088251077848444e-16 0.0 22.896809780554506 596.1992462536899 214.4781390689861 0.6809814550947505
48 0.0 -6.605309410025457e-16 0.0 22.896809780554506 596.1992462536899 214.4781390689861 0.6809814550947505
49 0.0 -9.729372703833739e-16 0.0 22.896809780554506 596.1992462536899 214.4781390689861 0.6809814550947505
50 0.0 -9.562028067166084e-16 0.0 22.896809780554506 596.1992462536899 214.4781390689861 0.6809814550947505
51 0.0 -7.653798296687096e-16 0.0 22.896809780554506 596.1992462536899 214.4781390689861 0.6809814550947505
52 0.0 -8.057287667910012e-16 0.0 22.896809780554506 596.1992462536899 214.4781390689861 0.6809814550947505
