# site betah h T M DoS(Ef) N Ef
sublattice 1 1.5 0.0030946692149911395 325.73975633931013
sublattice 2 1.301930480508007 0.0026878496681118653 325.96049730455564
1 1.5 0.003089985118314495 325.2638485798019 20.27717731526083 588.3594870254022 214.4791394903708 0.6577055123460451
2 1.5 0.0030998355588819277 326.3007442492258 20.27717731526083 588.3594870254022 214.4791394903708 0.6577055123460451
3 1.5 0.003089985118055647 325.26384855255446 20.27717731526083 588.3594870254022 214.4791394903708 0.6577055123460451
4 1.5 0.0030998355587233167 326.3007442325297 20.27717731526083 588.3594870254022 214.4791394903708 0.6577055123460451
5 1.5 0.003099862396543817 326.30356928590624 20.27717731526083 588.3594870254022 214.4791394903708 0.6577055123460451
6 1.5 0.00308999770468143 325.26517346972014 20.27717731526083 588.3594870254022 214.4791394903708 0.6577055123460451
7 1.5 0.003099862396726361 326.3035693051214 20.27717731526083 588.3594870254022 214.4791394903708 0.6577055123460451
8 1.5 0.0030899977040986623 325.26517340837563 20.27717731526083 588.3594870254022 214.4791394903708 0.6577055123460451
9 1.5 0.0030998338242110048 326.3005616510128 20.27717731526083 588.3594870254022 214.4791394903708 0.6577055123460451
10 1.5 0.0030899843007128223 325.2637625158705 20.27717731526083 588.3594870254022 214.4791394903708 0.6577055123460451
11 1.5 0.0030998338241724366 326.30056164695293 20.27717731526083 588.3594870254022 214.4791394903708 0.6577055123460451
12 1.5 0.0030899843005491403 325.26376249864074 20.27717731526083 588.3594870254022 214.4791394903708 0.6577055123460451
13 1.5 0.003099756812807683 326.2924551312841 20.27717731526083 588.3594870254022 214.4791394903708 0.6577055123460451
14 1.5 0.0030890863228931536 325.169237878796 20.27717731526083 588.3594870254022 214.4791394903708 0.6577055123460451
15 1.5 0.003099756812821191 326.292455132706 20.27717731526083 588.3594870254022 214.4791394903708 0.6577055123460451
16 1.5 0.0030890863228471874 325.1692378739576 20.27717731526083 588.3594870254022 214.4791394903708 0.6577055123460451
17 1.5 0.003099756700739704 326.29244333453136 20.27717731526083 588.3594870254022 214.4791394903708 0.6577055123460451
18 1.5 0.003089101212992721 325.1708052685803 20.27717731526083 588.3594870254022 214.4791394903708 0.6577055123460451
19 1.5 0.0030997567003514703 326.2924432936643 20.27717731526083 588.3594870254022 214.4791394903708 0.6577055123460451
20 1.5 0.0030891012127869026 325.1708052469151 20.27717731526083 588.3594870254022 214.4791394903708 0.6577055123460451
21 1.5 0.0030890871640561483 325.16932642289015 20.27717731526083 588.3594870254022 214.4791394903708 0.6577055123460451
22 1.5 0.0030997434640181155 326.29104998575474 20.27717731526083 588.3594870254022 214.4791394903708 0.6577055123460451
23 1.5 0.003089087163995025 325.16932641645593 20.27717731526083 588.3594870254022 214.4791394903708 0.6577055123460451
24 1.5 0.003099743463807232 326.2910499635562 20.27717731526083 588.3594870254022 214.4791394903708 0.6577055123460451
25 1.301930480508007 0.00268773198903074 325.963395829638 20.27717731526083 588.3594870254022 214.4791394903708 0.6577055123460451
26 1.301930480508007 0.00268796734719308 325.9919396526234 20.27717731526083 588.3594870254022 214.4791394903708 0.6577055123460451
27 0.0 -3.0084016553215935e-16 0.0 20.27717731526083 588.3594870254022 214.4791394903708 0.6577055123460451
28 0.0 -3.0018259211623337e-16 0.0 20.27717731526083 588.3594870254022 214.4791394903708 0.6577055123460451
29 0.0 -9.478663774932545e-16 0.0 20.27717731526083 588.3594870254022 214.4791394903708 0.6577055123460451
30 0.0 -8.837516955083372e-16 0.0 20.27717731526083 588.3594870254022 214.4791394903708 0.6577055123460451
31 0.0 -2.028795835930982e-15 0.0 20.27717731526083 588.3594870254022 214.4791394903708 0.6577055123460451
32 0.0 -1.1220241085465079e-15 0.0 20.27717731526083 588.3594870254022 214.4791394903708 0.6577055123460451
33 0.0 -1.4248584475627323e-15 0.0 20.27717731526083 588.3594870254022 214.4791394903708 0.6577055123460451
34 0.0 -1.2571136363580524e-15 0.0 20.27717731526083 588.3594870254022 214.4791394903708 0.6577055123460451
35 0.0 -1.3861398856355118e-15 0.0 20.27717731526083 588.3594870254022 214.4791394903708 0.6577055123460451
36 0.0 -1.1515675485651724e-15 0.0 20.27717731526083 588.3594870254022 214.4791394903708 0.6577055123460451
37 0.0 -1.7147759737580061e-15 0.0 20.27717731526083 588.3594870254022 214.4791394903708 0.6577055123460451
38 0.0 -1.1954131550112017e-15 0.0 20.27717731526083 588.3594870254022 214.4791394903708 0.6577055123460451
39 0.0 -1.6712503183635891e-15 0.0 20.27717731526083 588.3594870254022 214.4791394903708 0.6577055123460451
40 0.0 -1.2805380122837666e-15 0.0 20.27717731526083 588.3594870254022 214.4791394903708 0.6577055123460451
41 0.0 -1.513889216277956e-15 0.0 20.27717731526083 588.3594870254022 214.4791394903708 0.6577055123460451
42 0.0 -1.3435666968306319e-15 0.0 20.27717731526083 588.3594870254022 214.4791394903708 0.6577055123460451
43 0.0 -1.3283291762892486e-15 0.0 20.27717731526083 588.3594870254022 214.4791394903708 0.6577055123460451
44 0.0 -1.8573329684271723e-15 0.0 20.27717731526083 588.3594870254022 214.4791394903708 0.6577055123460451
45 0.0 -1.2106797969730421e-15 0.0 20.27717731526083 588.3594870254022 214.4791394903708 0.6577055123460451
46 0.0 -1.6426694612528261e-15 0.0 20.27717731526083 588.3594870254022 214.4791394903708 0.6577055123460451
47 0.0 -1.1564968477068193e-15 0.0 20.27717731526083 588.3594870254022 214.4791394903708 0.6577055123460451
48 0.0 -1.990485621182871e-15 0.0 20.27717731526083 588.3594870254022 214.4791394903708 0.6577055123460451
49 0.0 -1.2452476927297815e-15 0.0 20.27717731526083 588.3594870254022 214.4791394903708 0.6577055123460451
50 0.0 -1.746108185855899e-15 0.0 20.27717731526083 588.3594870254022 214.4791394903708 0.6577055123460451
51 0.0 -1.7644309574960748e-15 0.0 20.27717731526083 588.3594870254022 214.4791394903708 0.6577055123460451
52 0.0 -1.0050636934823887e-15 0.0 20.27717731526083 588.3594870254022 214.4791394903708 0.6577055123460451
