# site betah h T M DoS(Ef) N Ef
sublattice 1 1.5 0.0003888095578272349 40.92545013066963
sublattice 2 1.6500000000000001 4.523762203165862e-11 4.328761068044458e-06
1 1.5 0.00039105046807893124 41.16349246250434 13.628916651348337 614.2192538931688 216.517927982263 0.7363981
2 1.5 0.0003869893442413789 40.73600276353624 13.628916651348337 614.2192538931688 216.517927982263 0.7363981
3 1.5 0.00039105046814546103 41.16349246950751 13.628916651348337 614.2192538931688 216.517927982263 0.7363981
4 1.5 0.000386989344319028 40.736002771709856 13.628916651348337 614.2192538931688 216.517927982263 0.7363981
5 1.5 0.00038728310082229375 40.76692473189082 13.628916651348337 614.2192538931688 216.517927982263 0.7363981
6 1.5 0.00039121802539815144 41.18113019652186 13.628916651348337 614.2192538931688 216.517927982263 0.7363981
7 1.5 0.0003872831009897191 40.766924749514665 13.628916651348337 614.2192538931688 216.517927982263 0.7363981
8 1.5 0.00039121802553550067 41.18113021097979 13.628916651348337 614.2192538931688 216.517927982263 0.7363981
9 1.5 0.0003873515331497601 40.77412818566526 13.628916651348337 614.2192538931688 216.517927982263 0.7363981
10 1.5 0.00039144304136389717 41.204816249301885 13.628916651348337 614.2192538931688 216.517927982263 0.7363981
11 1.5 0.0003873515333454007 40.774128206259185 13.628916651348337 614.2192538931688 216.517927982263 0.7363981
12 1.5 0.00039144304142985174 41.20481625624454 13.628916651348337 614.2192538931688 216.517927982263 0.7363981
13 1.5 0.0003874128097190647 40.780578392536015 13.628916651348337 614.2192538931688 216.517927982263 0.7363981
14 1.5 0.00038899923236540557 40.9475714084189 13.628916651348337 614.2192538931688 216.517927982263 0.7363981
15 1.5 0.0003874128097819815 40.780578399158884 13.628916651348337 614.2192538931688 216.517927982263 0.7363981
16 1.5 0.0003889992324247092 40.94757141466142 13.628916651348337 614.2192538931688 216.517927982263 0.7363981
17 1.5 0.0003875115195416308 40.790968974001686 13.628916651348337 614.2192538931688 216.517927982263 0.7363981
18 1.5 0.0003896464705455923 41.01570222133452 13.628916651348337 614.2192538931688 216.517927982263 0.7363981
19 1.5 0.000387511519603565 40.790968980521114 13.628916651348337 614.2192538931688 216.517927982263 0.7363981
20 1.5 0.00038964647053779325 41.01570222051358 13.628916651348337 614.2192538931688 216.517927982263 0.7363981
21 1.5 0.00038941343241718265 40.99117172838257 13.628916651348337 614.2192538931688 216.517927982263 0.7363981
22 1.5 0.0003873957157296751 40.77877900959652 13.628916651348337 614.2192538931688 216.517927982263 0.7363981
23 1.5 0.0003894134326110761 40.991171748792546 13.628916651348337 614.2192538931688 216.517927982263 0.7363981
24 1.5 0.00038739571575694 40.778779012466536 13.628916651348337 614.2192538931688 216.517927982263 0.7363981
25 1.6500000000000001 8.751800268869652e-11 8.374986597117013e-06 13.628916651348337 614.2192538931688 216.517927982263 0.7363981
26 1.6500000000000001 2.9572459402951635e-12 2.8299200568396416e-07 13.628916651348337 614.2192538931688 216.517927982263 0.7363981
27 0.0 -1.0708917385894127e-14 0.0 13.628916651348337 614.2192538931688 216.517927982263 0.7363981
28 0.0 -1.0714527337251198e-14 0.0 13.628916651348337 614.2192538931688 216.517927982263 0.7363981
29 0.0 1.5452255084364644e-13 0.0 13.628916651348337 614.2192538931688 216.517927982263 0.7363981
30 0.0 1.5468609599539521e-13 0.0 13.628916651348337 614.2192538931688 216.517927982263 0.7363981
31 0.0 1.5437814814067828e-13 0.0 13.628916651348337 614.2192538931688 216.517927982263 0.7363981
32 0.0 1.54659397563376e-13 0.0 13.628916651348337 614.2192538931688 216.517927982263 0.7363981
33 0.0 1.5457560409936635e-13 0.0 13.628916651348337 614.2192538931688 216.517927982263 0.7363981
34 0.0 1.5450007094424525e-13 0.0 13.628916651348337 614.2192538931688 216.517927982263 0.7363981
35 0.0 1.5463411367422076e-13 0.0 13.628916651348337 614.2192538931688 216.517927982263 0.7363981
36 0.0 1.5448575886876916e-13 0.0 13.628916651348337 614.2192538931688 216.517927982263 0.7363981
37 0.0 1.5446113152511319e-13 0.0 13.628916651348337 614.2192538931688 216.517927982263 0.7363981
38 0.0 1.5469053915884562e-13 0.0 13.628916651348337 614.2192538931688 216.517927982263 0.7363981
39 0.0 1.5445901413912118e-13 0.0 13.628916651348337 614.2192538931688 216.517927982263 0.7363981
40 0.0 1.5474449576039207e-13 0.0 13.628916651348337 614.2192538931688 216.517927982263 0.7363981
41 0.0 -1.6368535693513703e-13 0.0 13.628916651348337 614.2192538931688 216.517927982263 0.7363981
42 0.0 -1.6344123989926717e-13 0.0 13.628916651348337 614.2192538931688 216.517927982263 0.7363981
43 0.0 -1.637695947379048e-13 0.0 13.628916651348337 614.2192538931688 216.517927982263 0.7363981
44 0.0 -1.6341507986854546e-13 0.0 13.628916651348337 614.2192538931688 216.517927982263 0.7363981
45 0.0 -1.63604037364687e-13 0.0 13.628916651348337 614.2192538931688 216.517927982263 0.7363981
46 0.0 -1.635867065614755e-13 0.0 13.628916651348337 614.2192538931688 216.517927982263 0.7363981
47 0.0 -1.6365239568427322e-13 0.0 13.628916651348337 614.2192538931688 216.517927982263 0.7363981
48 0.0 -1.636105403004618e-13 0.0 13.628916651348337 614.2192538931688 216.517927982263 0.7363981
49 0.0 -1.637378335512744e-13 0.0 13.628916651348337 614.2192538931688 216.517927982263 0.7363981
50 0.0 -1.6357584428386276e-13 0.0 13.628916651348337 614.2192538931688 216.517927982263 0.7363981
51 0.0 -1.635781695806607e-13 0.0 13.628916651348337 614.2192538931688 216.517927982263 0.7363981
52 0.0 -1.6353197245303912e-13 0.0 13.628916651348337 614.2192538931688 216.517927982263 0.7363981
