# site betah h T M DoS(Ef) N Ef
sublattice 1 7.0 0.011035066231844652 248.89988482705263
sublattice 2 7.700000000000001 0.008385615532437492 171.94597463431612
1 7.0 0.011017184931382056 248.50965553889725 40.17028090271874 526.3444040989745 220.44573750020126 0.6621249
2 7.0 0.011051982652609425 249.29457199065484 40.17028090271874 526.3444040989745 220.44573750020126 0.6621249
3 7.0 0.011017184930206444 248.50965551237942 40.17028090271874 526.3444040989745 220.44573750020126 0.6621249
4 7.0 0.011051982651647922 249.29457196896666 40.17028090271874 526.3444040989745 220.44573750020126 0.6621249
5 7.0 0.011058352230970602 249.43824768605404 40.17028090271874 526.3444040989745 220.44573750020126 0.6621249
6 7.0 0.011015376313540434 248.46885936353215 40.17028090271874 526.3444040989745 220.44573750020126 0.6621249
7 7.0 0.01105835223088478 249.4382476841182 40.17028090271874 526.3444040989745 220.44573750020126 0.6621249
8 7.0 0.01101537631208298 248.46885933065693 40.17028090271874 526.3444040989745 220.44573750020126 0.6621249
9 7.0 0.011053125312681548 249.32034645758145 40.17028090271874 526.3444040989745 220.44573750020126 0.6621249
10 7.0 0.01101789164614226 248.52559658579614 40.17028090271874 526.3444040989745 220.44573750020126 0.6621249
11 7.0 0.011053125312127963 249.32034644509443 40.17028090271874 526.3444040989745 220.44573750020126 0.6621249
12 7.0 0.011017891645125167 248.52559656285408 40.17028090271874 526.3444040989745 220.44573750020126 0.6621249
13 7.0 0.011053985929097503 249.33975898949492 40.17028090271874 526.3444040989745 220.44573750020126 0.6621249
14 7.0 0.011014319320164171 248.44501724476467 40.17028090271874 526.3444040989745 220.44573750020126 0.6621249
15 7.0 0.011053985928737664 249.33975898137822 40.17028090271874 526.3444040989745 220.44573750020126 0.6621249
16 7.0 0.011014319319701727 248.44501723433365 40.17028090271874 526.3444040989745 220.44573750020126 0.6621249
17 7.0 0.01105733049937714 249.4152009497619 40.17028090271874 526.3444040989745 220.44573750020126 0.6621249
18 7.0 0.011014477770915953 248.44859134682662 40.17028090271874 526.3444040989745 220.44573750020126 0.6621249
19 7.0 0.011057330498077491 249.41520092044632 40.17028090271874 526.3444040989745 220.44573750020126 0.6621249
20 7.0 0.01101447776977121 248.44859132100524 40.17028090271874 526.3444040989745 220.44573750020126 0.6621249
21 7.0 0.011012768496079347 248.41003600813477 40.17028090271874 526.3444040989745 220.44573750020126 0.6621249
22 7.0 0.01105399968429003 249.34006925946227 40.17028090271874 526.3444040989745 220.44573750020126 0.6621249
23 7.0 0.011012768495285824 248.41003599023574 40.17028090271874 526.3444040989745 220.44573750020126 0.6621249
24 7.0 0.011053999683371523 249.3400692387439 40.17028090271874 526.3444040989745 220.44573750020126 0.6621249
25 7.700000000000001 0.008385616219592808 171.95504636621598 40.17028090271874 526.3444040989745 220.44573750020126 0.6621249
26 7.700000000000001 0.008385614845282167 171.95501818398716 40.17028090271874 526.3444040989745 220.44573750020126 0.6621249
27 0.0 -5.117316508939417e-16 0.0 40.17028090271874 526.3444040989745 220.44573750020126 0.6621249
28 0.0 -5.088916780998091e-16 0.0 40.17028090271874 526.3444040989745 220.44573750020126 0.6621249
29 0.0 -1.2249057668290379e-15 0.0 40.17028090271874 526.3444040989745 220.44573750020126 0.6621249
30 0.0 -1.7265814065161065e-15 0.0 40.17028090271874 526.3444040989745 220.44573750020126 0.6621249
31 0.0 -2.0230761133383253e-15 0.0 40.17028090271874 526.3444040989745 220.44573750020126 0.6621249
32 0.0 -1.2216313509936258e-15 0.0 40.17028090271874 526.3444040989745 220.44573750020126 0.6621249
33 0.0 -1.8293905840407596e-15 0.0 40.17028090271874 526.3444040989745 220.44573750020126 0.6621249
34 0.0 -1.7275478795769195e-15 0.0 40.17028090271874 526.3444040989745 220.44573750020126 0.6621249
35 0.0 -1.548125703529023e-15 0.0 40.17028090271874 526.3444040989745 220.44573750020126 0.6621249
36 0.0 -1.3221560425405375e-15 0.0 40.17028090271874 526.3444040989745 220.44573750020126 0.6621249
37 0.0 -1.5175822738941918e-15 0.0 40.17028090271874 526.3444040989745 220.44573750020126 0.6621249
38 0.0 -1.5545903097803015e-15 0.0 40.17028090271874 526.3444040989745 220.44573750020126 0.6621249
39 0.0 -1.1588568811471969e-15 0.0 40.17028090271874 526.3444040989745 220.44573750020126 0.6621249
40 0.0 -1.3405438966693056e-15 0.0 40.17028090271874 526.3444040989745 220.44573750020126 0.6621249
41 0.0 -1.4392964271609231e-15 0.0 40.17028090271874 526.3444040989745 220.44573750020126 0.6621249
42 0.0 -8.720064630516539e-16 0.0 40.17028090271874 526.3444040989745 220.44573750020126 0.6621249
43 0.0 -1.1491710871905806e-15 0.0 40.17028090271874 526.3444040989745 220.44573750020126 0.6621249
44 0.0 -1.4582822063009223e-15 0.0 40.17028090271874 526.3444040989745 220.44573750020126 0.6621249
45 0.0 -1.8413389004365377e-15 0.0 40.17028090271874 526.3444040989745 220.44573750020126 0.6621249
46 0.0 -2.1214709634066343e-15 0.0 40.17028090271874 526.3444040989745 220.44573750020126 0.6621249
47 0.0 -2.0099671425537987e-15 0.0 40.17028090271874 526.3444040989745 220.44573750020126 0.6621249
48 0.0 -1.2080886384122164e-15 0.0 40.17028090271874 526.3444040989745 220.44573750020126 0.6621249
49 0.0 -1.297221177445832e-15 0.0 40.17028090271874 526.3444040989745 220.44573750020126 0.6621249
50 0.0 -1.458463110108496e-15 0.0 40.17028090271874 526.3444040989745 220.44573750020126 0.6621249
51 0.0 -1.775239475010805e-15 0.0 40.17028090271874 526.3444040989745 220.44573750020126 0.6621249
52 0.0 -1.3443249293901918e-15 0.0 40.17028090271874 526.3444040989745 220.44573750020126 0.6621249
