# site betah h T M DoS(Ef) N Ef
sublattice 1 0.1 0.00038799655149216535 612.598116454487
sublattice 2 0.11000000000000001 0.00034470590704524274 494.77053943003966
1 0.1 0.00038735487021157973 611.6171972826974 1.630943765637469 599.4850066544707 215.99267598982271 0.6391829
2 0.1 0.00038867134444129807 613.695855222015 1.630943765637469 599.4850066544707 215.99267598982271 0.6391829
3 0.1 0.00038735487021052426 611.6171972810308 1.630943765637469 599.4850066544707 215.99267598982271 0.6391829
4 0.1 0.0003886713444415308 613.6958552223825 1.630943765637469 599.4850066544707 215.99267598982271 0.6391829
5 0.1 0.000388669727633505 613.6933023498484 1.630943765637469 599.4850066544707 215.99267598982271 0.6391829
6 0.1 0.00038735866261426497 611.6231853285334 1.630943765637469 599.4850066544707 215.99267598982271 0.6391829
7 0.1 0.00038866972763404044 613.6933023506937 1.630943765637469 599.4850066544707 215.99267598982271 0.6391829
8 0.1 0.00038735866261947863 611.6231853367658 1.630943765637469 599.4850066544707 215.99267598982271 0.6391829
9 0.1 0.00038866904455171086 613.692223792165 1.630943765637469 599.4850066544707 215.99267598982271 0.6391829
10 0.1 0.0003873573407537149 611.621098165809 1.630943765637469 599.4850066544707 215.99267598982271 0.6391829
11 0.1 0.0003886690445310455 613.6922237595353 1.630943765637469 599.4850066544707 215.99267598982271 0.6391829
12 0.1 0.00038735734074774926 611.6210981563893 1.630943765637469 599.4850066544707 215.99267598982271 0.6391829
13 0.1 0.0003886607885787776 613.6791879549633 1.630943765637469 599.4850066544707 215.99267598982271 0.6391829
14 0.1 0.0003872978515599758 611.5271672080022 1.630943765637469 599.4850066544707 215.99267598982271 0.6391829
15 0.1 0.00038866078858163454 613.6791879594743 1.630943765637469 599.4850066544707 215.99267598982271 0.6391829
16 0.1 0.0003872978515607387 611.5271672092068 1.630943765637469 599.4850066544707 215.99267598982271 0.6391829
17 0.1 0.0003886621100405411 613.6812744880183 1.630943765637469 599.4850066544707 215.99267598982271 0.6391829
18 0.1 0.0003872984954376849 611.5281838640661 1.630943765637469 599.4850066544707 215.99267598982271 0.6391829
19 0.1 0.0003886621099952495 613.6812744165048 1.630943765637469 599.4850066544707 215.99267598982271 0.6391829
20 0.1 0.0003872984954363753 611.5281838619985 1.630943765637469 599.4850066544707 215.99267598982271 0.6391829
21 0.1 0.0003872950008722394 611.5226660908249 1.630943765637469 599.4850066544707 215.99267598982271 0.6391829
22 0.1 0.0003886633812575962 613.6832816868109 1.630943765637469 599.4850066544707 215.99267598982271 0.6391829
23 0.1 0.0003872950008626027 611.522666075609 1.630943765637469 599.4850066544707 215.99267598982271 0.6391829
24 0.1 0.0003886633812385102 613.6832816566748 1.630943765637469 599.4850066544707 215.99267598982271 0.6391829
25 0.11000000000000001 0.000344707466812667 494.7988408994701 1.630943765637469 599.4850066544707 215.99267598982271 0.6391829
26 0.11000000000000001 0.00034470434727779234 494.79436306723244 1.630943765637469 599.4850066544707 215.99267598982271 0.6391829
27 0.0 1.2355577311351394e-16 0.0 1.630943765637469 599.4850066544707 215.99267598982271 0.6391829
28 0.0 1.2881181383544669e-16 0.0 1.630943765637469 599.4850066544707 215.99267598982271 0.6391829
29 0.0 -1.1235890597808919e-15 0.0 1.630943765637469 599.4850066544707 215.99267598982271 0.6391829
30 0.0 -1.095097388037501e-15 0.0 1.630943765637469 599.4850066544707 215.99267598982271 0.6391829
31 0.0 -1.597349825074702e-15 0.0 1.630943765637469 599.4850066544707 215.99267598982271 0.6391829
32 0.0 -8.511590514801288e-16 0.0 1.630943765637469 599.4850066544707 215.99267598982271 0.6391829
33 0.0 -1.4122718802161625e-15 0.0 1.630943765637469 599.4850066544707 215.99267598982271 0.6391829
34 0.0 -1.567985047102804e-15 0.0 1.630943765637469 599.4850066544707 215.99267598982271 0.6391829
35 0.0 -1.4740164660817055e-15 0.0 1.630943765637469 599.4850066544707 215.99267598982271 0.6391829
36 0.0 -1.5118076941850438e-15 0.0 1.630943765637469 599.4850066544707 215.99267598982271 0.6391829
37 0.0 -1.2649781848227736e-15 0.0 1.630943765637469 599.4850066544707 215.99267598982271 0.6391829
38 0.0 -1.238022049744745e-15 0.0 1.630943765637469 599.4850066544707 215.99267598982271 0.6391829
39 0.0 -1.685988344229381e-15 0.0 1.630943765637469 599.4850066544707 215.99267598982271 0.6391829
40 0.0 -1.3833332584119953e-15 0.0 1.630943765637469 599.4850066544707 215.99267598982271 0.6391829
41 0.0 -1.7122357079273192e-15 0.0 1.630943765637469 599.4850066544707 215.99267598982271 0.6391829
42 0.0 -1.4024697598823711e-15 0.0 1.630943765637469 599.4850066544707 215.99267598982271 0.6391829
43 0.0 -1.3421527216365778e-15 0.0 1.630943765637469 599.4850066544707 215.99267598982271 0.6391829
44 0.0 -8.187718957253483e-16 0.0 1.630943765637469 599.4850066544707 215.99267598982271 0.6391829
45 0.0 -7.585808543896377e-16 0.0 1.630943765637469 599.4850066544707 215.99267598982271 0.6391829
46 0.0 -1.3464899819098383e-15 0.0 1.630943765637469 599.4850066544707 215.99267598982271 0.6391829
47 0.0 -1.8403506130580673e-15 0.0 1.630943765637469 599.4850066544707 215.99267598982271 0.6391829
48 0.0 -1.2719573359784868e-15 0.0 1.630943765637469 599.4850066544707 215.99267598982271 0.6391829
49 0.0 -1.3033119809630299e-15 0.0 1.630943765637469 599.4850066544707 215.99267598982271 0.6391829
50 0.0 -1.7094606546112983e-15 0.0 1.630943765637469 599.4850066544707 215.99267598982271 0.6391829
51 0.0 -4.620534337248573e-16 0.0 1.630943765637469 599.4850066544707 215.99267598982271 0.6391829
52 0.0 -1.7991962758163172e-15 0.0 1.630943765637469 599.4850066544707 215.99267598982271 0.6391829
