# site betah h T M DoS(Ef) N Ef
sublattice 1 10.0 0.0055434512030626696 87.52417392869853
sublattice 2 5.267634019034968 0.0026324214288474704 78.9019279583701
1 10.0 0.0055377898627844546 87.43939435875679 46.11293703674285 503.96178861065505 214.41089239072457 0.6253766458840058
2 10.0 0.005549833941777904 87.62956534162416 46.11293703674285 503.96178861065505 214.41089239072457 0.6253766458840058
3 10.0 0.005537789862095948 87.43939434788554 46.11293703674285 503.96178861065505 214.41089239072457 0.6253766458840058
4 10.0 0.005549833941151781 87.62956533173798 46.11293703674285 503.96178861065505 214.41089239072457 0.6253766458840058
5 10.0 0.0055553376573241695 87.71646671778703 46.11293703674285 503.96178861065505 214.41089239072457 0.6253766458840058
6 10.0 0.005533003112831781 87.36381356911865 46.11293703674285 503.96178861065505 214.41089239072457 0.6253766458840058
7 10.0 0.005555337656770537 87.71646670904539 46.11293703674285 503.96178861065505 214.41089239072457 0.6253766458840058
8 10.0 0.0055330031122624475 87.36381356012907 46.11293703674285 503.96178861065505 214.41089239072457 0.6253766458840058
9 10.0 0.0055513395296124994 87.65333794740704 46.11293703674285 503.96178861065505 214.41089239072457 0.6253766458840058
10 10.0 0.005535139419298805 87.39754495792516 46.11293703674285 503.96178861065505 214.41089239072457 0.6253766458840058
11 10.0 0.005551339528460472 87.65333792921699 46.11293703674285 503.96178861065505 214.41089239072457 0.6253766458840058
12 10.0 0.005535139418867215 87.39754495111056 46.11293703674285 503.96178861065505 214.41089239072457 0.6253766458840058
13 10.0 0.005554127790008276 87.69736341818069 46.11293703674285 503.96178861065505 214.41089239072457 0.6253766458840058
14 10.0 0.005533465053536814 87.37110741966409 46.11293703674285 503.96178861065505 214.41089239072457 0.6253766458840058
15 10.0 0.00555412778930411 87.69736340706211 46.11293703674285 503.96178861065505 214.41089239072457 0.6253766458840058
16 10.0 0.005533465052748685 87.37110740721985 46.11293703674285 503.96178861065505 214.41089239072457 0.6253766458840058
17 10.0 0.005554755616135599 87.70727652867843 46.11293703674285 503.96178861065505 214.41089239072457 0.6253766458840058
18 10.0 0.005532090935753486 87.34941067270225 46.11293703674285 503.96178861065505 214.41089239072457 0.6253766458840058
19 10.0 0.00555475561340671 87.70727648559038 46.11293703674285 503.96178861065505 214.41089239072457 0.6253766458840058
20 10.0 0.005532090935102741 87.34941066242723 46.11293703674285 503.96178861065505 214.41089239072457 0.6253766458840058
21 10.0 0.005533811995237066 87.37658548608873 46.11293703674285 503.96178861065505 214.41089239072457 0.6253766458840058
22 10.0 0.005550719527716579 87.64354837678752 46.11293703674285 503.96178861065505 214.41089239072457 0.6253766458840058
23 10.0 0.005533811994317357 87.37658547156693 46.11293703674285 503.96178861065505 214.41089239072457 0.6253766458840058
24 10.0 0.005550719526999254 87.64354836546127 46.11293703674285 503.96178861065505 214.41089239072457 0.6253766458840058
25 5.267634019034968 0.002631947919735693 78.89189121351798 46.11293703674285 503.96178861065505 214.41089239072457 0.6253766458840058
26 5.267634019034968 0.0026328949379592803 78.92027781376704 46.11293703674285 503.96178861065505 214.41089239072457 0.6253766458840058
27 0.0 5.128939825593463e-16 0.0 46.11293703674285 503.96178861065505 214.41089239072457 0.6253766458840058
28 0.0 5.631676044686309e-16 0.0 46.11293703674285 503.96178861065505 214.41089239072457 0.6253766458840058
29 0.0 -5.1240440501117165e-16 0.0 46.11293703674285 503.96178861065505 214.41089239072457 0.6253766458840058
30 0.0 -2.38205790558847e-16 0.0 46.11293703674285 503.96178861065505 214.41089239072457 0.6253766458840058
31 0.0 -3.409073186423364e-16 0.0 46.11293703674285 503.96178861065505 214.41089239072457 0.6253766458840058
32 0.0 -7.65122527206478e-16 0.0 46.11293703674285 503.96178861065505 214.41089239072457 0.6253766458840058
33 0.0 -4.89680931483907e-16 0.0 46.11293703674285 503.96178861065505 214.41089239072457 0.6253766458840058
34 0.0 -8.69908029755166e-16 0.0 46.11293703674285 503.96178861065505 214.41089239072457 0.6253766458840058
35 0.0 -6.180906346558901e-16 0.0 46.11293703674285 503.96178861065505 214.41089239072457 0.6253766458840058
36 0.0 -5.041581135647486e-16 0.0 46.11293703674285 503.96178861065505 214.41089239072457 0.6253766458840058
37 0.0 -5.077999285411302e-16 0.0 46.11293703674285 503.96178861065505 214.41089239072457 0.6253766458840058
38 0.0 -4.617956119360524e-16 0.0 46.11293703674285 503.96178861065505 214.41089239072457 0.6253766458840058
39 0.0 -4.799529774733322e-16 0.0 46.11293703674285 503.96178861065505 214.41089239072457 0.6253766458840058
40 0.0 -3.809218222938448e-16 0.0 46.11293703674285 503.96178861065505 214.41089239072457 0.6253766458840058
41 0.0 -1.5837436470589139e-15 0.0 46.11293703674285 503.96178861065505 214.41089239072457 0.6253766458840058
42 0.0 -1.3407365214373142e-15 0.0 46.11293703674285 503.96178861065505 214.41089239072457 0.6253766458840058
43 0.0 -1.6339505132133004e-15 0.0 46.11293703674285 503.96178861065505 214.41089239072457 0.6253766458840058
44 0.0 -1.5622420893902331e-15 0.0 46.11293703674285 503.96178861065505 214.41089239072457 0.6253766458840058
45 0.0 -1.4036687318093409e-15 0.0 46.11293703674285 503.96178861065505 214.41089239072457 0.6253766458840058
46 0.0 -9.097416484301313e-16 0.0 46.11293703674285 503.96178861065505 214.41089239072457 0.6253766458840058
47 0.0 -1.6360635229775482e-15 0.0 46.11293703674285 503.96178861065505 214.41089239072457 0.6253766458840058
48 0.0 -1.4891314350506257e-15 0.0 46.11293703674285 503.96178861065505 214.41089239072457 0.6253766458840058
49 0.0 -1.1888060866386051e-15 0.0 46.11293703674285 503.96178861065505 214.41089239072457 0.6253766458840058
50 0.0 -8.846207432984308e-16 0.0 46.11293703674285 503.96178861065505 214.41089239072457 0.6253766458840058
51 0.0 -1.784874675463822e-15 0.0 46.11293703674285 503.96178861065505 214.41089239072457 0.6253766458840058
52 0.0 -2.1320860111489884e-15 0.0 46.11293703674285 503.96178861065505 214.41089239072457 0.6253766458840058
