# site betah h T M DoS(Ef) N Ef
sublattice 1 0.1 0.0003367216837033807 531.641501484427
sublattice 2 0.0931709207629972 0.0003120929428566282 528.8729470084153
1 0.1 0.0003362779857383507 530.968925346097 1.6330090410697902 598.5323342182367 214.4802435743735 0.6366884013978472
2 0.1 0.0003371949778789372 532.4168177140509 1.6330090410697902 598.5323342182367 214.4802435743735 0.6366884013978472
3 0.1 0.0003362779857363503 530.9689253429384 1.6330090410697902 598.5323342182367 214.4802435743735 0.6366884013978472
4 0.1 0.000337194977878779 532.4168177138013 1.6330090410697902 598.5323342182367 214.4802435743735 0.6366884013978472
5 0.1 0.00033719407917288724 532.4153986946238 1.6330090410697902 598.5323342182367 214.4802435743735 0.6366884013978472
6 0.1 0.00033628116459094093 530.9739446218896 1.6330090410697902 598.5323342182367 214.4802435743735 0.6366884013978472
7 0.1 0.00033719407917262296 532.4153986942064 1.6330090410697902 598.5323342182367 214.4802435743735 0.6366884013978472
8 0.1 0.000336281164594995 530.9739446282906 1.6330090410697902 598.5323342182367 214.4802435743735 0.6366884013978472
9 0.1 0.00033719329568016986 532.4141615922769 1.6330090410697902 598.5323342182367 214.4802435743735 0.6366884013978472
10 0.1 0.0003362797566500815 530.9717215419432 1.6330090410697902 598.5323342182367 214.4802435743735 0.6366884013978472
11 0.1 0.0003371932956583665 532.4141615578502 1.6330090410697902 598.5323342182367 214.4802435743735 0.6366884013978472
12 0.1 0.0003362797566471304 530.9717215372838 1.6330090410697902 598.5323342182367 214.4802435743735 0.6366884013978472
13 0.1 0.0003371854932994966 532.4018419583434 1.6330090410697902 598.5323342182367 214.4802435743735 0.6366884013978472
14 0.1 0.00033622689947263495 530.888262261509 1.6330090410697902 598.5323342182367 214.4802435743735 0.6366884013978472
15 0.1 0.0003371854933003147 532.4018419596351 1.6330090410697902 598.5323342182367 214.4802435743735 0.6366884013978472
16 0.1 0.00033622689947138547 530.8882622595362 1.6330090410697902 598.5323342182367 214.4802435743735 0.6366884013978472
17 0.1 0.00033718683239101864 532.4039563280522 1.6330090410697902 598.5323342182367 214.4802435743735 0.6366884013978472
18 0.1 0.0003362275759983763 530.8893304674554 1.6330090410697902 598.5323342182367 214.4802435743735 0.6366884013978472
19 0.1 0.00033718683233918955 532.4039562462164 1.6330090410697902 598.5323342182367 214.4802435743735 0.6366884013978472
20 0.1 0.00033622757599767217 530.8893304663434 1.6330090410697902 598.5323342182367 214.4802435743735 0.6366884013978472
21 0.1 0.0003362247180384008 530.8848178677341 1.6330090410697902 598.5323342182367 214.4802435743735 0.6366884013978472
22 0.1 0.0003371874255816579 532.4048929513772 1.6330090410697902 598.5323342182367 214.4802435743735 0.6366884013978472
23 0.1 0.00033622471802816995 530.88481785158 1.6330090410697902 598.5323342182367 214.4802435743735 0.6366884013978472
24 0.1 0.00033718742556528226 532.4048929255208 1.6330090410697902 598.5323342182367 214.4802435743735 0.6366884013978472
25 0.0931709207629972 0.00031209105845581367 528.8976125790759 1.6330090410697902 598.5323342182367 214.4802435743735 0.6366884013978472
26 0.0931709207629972 0.0003120948272573826 528.9039995297279 1.6330090410697902 598.5323342182367 214.4802435743735 0.6366884013978472
27 0.0 1.1631918836191426e-16 0.0 1.6330090410697902 598.5323342182367 214.4802435743735 0.6366884013978472
28 0.0 1.315854460355627e-16 0.0 1.6330090410697902 598.5323342182367 214.4802435743735 0.6366884013978472
29 0.0 -1.512846457359652e-15 0.0 1.6330090410697902 598.5323342182367 214.4802435743735 0.6366884013978472
30 0.0 -1.7636522255778422e-15 0.0 1.6330090410697902 598.5323342182367 214.4802435743735 0.6366884013978472
31 0.0 -1.5071144584276935e-15 0.0 1.6330090410697902 598.5323342182367 214.4802435743735 0.6366884013978472
32 0.0 -1.4713296966517805e-15 0.0 1.6330090410697902 598.5323342182367 214.4802435743735 0.6366884013978472
33 0.0 -1.5157595683162425e-15 0.0 1.6330090410697902 598.5323342182367 214.4802435743735 0.6366884013978472
34 0.0 -1.5411783677623172e-15 0.0 1.6330090410697902 598.5323342182367 214.4802435743735 0.6366884013978472
35 0.0 -1.3665480147098416e-15 0.0 1.6330090410697902 598.5323342182367 214.4802435743735 0.6366884013978472
36 0.0 -1.4148517218901498e-15 0.0 1.6330090410697902 598.5323342182367 214.4802435743735 0.6366884013978472
37 0.0 -1.511571240316095e-15 0.0 1.6330090410697902 598.5323342182367 214.4802435743735 0.6366884013978472
38 0.0 -1.2140801481087286e-15 0.0 1.6330090410697902 598.5323342182367 214.4802435743735 0.6366884013978472
39 0.0 -1.7046694298420638e-15 0.0 1.6330090410697902 598.5323342182367 214.4802435743735 0.6366884013978472
40 0.0 -1.5916354717333183e-15 0.0 1.6330090410697902 598.5323342182367 214.4802435743735 0.6366884013978472
41 0.0 -1.001947461358453e-15 0.0 1.6330090410697902 598.5323342182367 214.4802435743735 0.6366884013978472
42 0.0 -1.3281703800825058e-15 0.0 1.6330090410697902 598.5323342182367 214.4802435743735 0.6366884013978472
43 0.0 -1.5412020322242573e-15 0.0 1.6330090410697902 598.5323342182367 214.4802435743735 0.6366884013978472
44 0.0 -1.265679122769194e-15 0.0 1.6330090410697902 598.5323342182367 214.4802435743735 0.6366884013978472
45 0.0 -1.1515881186545981e-15 0.0 1.6330090410697902 598.5323342182367 214.4802435743735 0.6366884013978472
46 0.0 -1.0620661284008013e-15 0.0 1.6330090410697902 598.5323342182367 214.4802435743735 0.6366884013978472
47 0.0 -1.7106887260650843e-15 0.0 1.6330090410697902 598.5323342182367 214.4802435743735 0.6366884013978472
48 0.0 -1.8800608539455745e-15 0.0 1.6330090410697902 598.5323342182367 214.4802435743735 0.6366884013978472
49 0.0 -1.300310992470172e-15 0.0 1.6330090410697902 598.5323342182367 214.4802435743735 0.6366884013978472
50 0.0 -1.3580654575026433e-15 0.0 1.6330090410697902 598.5323342182367 214.4802435743735 0.6366884013978472
51 0.0 -2.0469663288474514e-15 0.0 1.6330090410697902 598.5323342182367 214.4802435743735 0.6366884013978472
52 0.0 -1.662039271728003e-15 0.0 1.6330090410697902 598.5323342182367 214.4802435743735 0.6366884013978472
