# site betah h T M DoS(Ef) N Ef
sublattice 1 3.0 0.0022537053804535037 118.61064793828352
sublattice 2 2.0549886613485726 0.0017258052063189714 132.5959125065291
1 3.0 0.0022532019341639136 118.59039827174558 28.838934776510634 595.7826180662228 214.31794534170228 0.6791996519258088
2 3.0 0.0022553059469133715 118.70113654616358 28.838934776510634 595.7826180662228 214.31794534170228 0.6791996519258088
3 3.0 0.002253201933711429 118.59039824793045 28.838934776510634 595.7826180662228 214.31794534170228 0.6791996519258088
4 3.0 0.0022553059461067593 118.70113650371002 28.838934776510634 595.7826180662228 214.31794534170228 0.6791996519258088
5 3.0 0.0022555363906980787 118.7132652514127 28.838934776510634 595.7826180662228 214.31794534170228 0.6791996519258088
6 3.0 0.002252714294138593 118.56473282890317 28.838934776510634 595.7826180662228 214.31794534170228 0.6791996519258088
7 3.0 0.002255536390915546 118.71326526285843 28.838934776510634 595.7826180662228 214.31794534170228 0.6791996519258088
8 3.0 0.0022527142943303312 118.56473283899471 28.838934776510634 595.7826180662228 214.31794534170228 0.6791996519258088
9 3.0 0.002255181769037768 118.69460082307636 28.838934776510634 595.7826180662228 214.31794534170228 0.6791996519258088
10 3.0 0.002253048837057352 118.58234047295203 28.838934776510634 595.7826180662228 214.31794534170228 0.6791996519258088
11 3.0 0.002255181768960724 118.69460081902139 28.838934776510634 595.7826180662228 214.31794534170228 0.6791996519258088
12 3.0 0.002253048837158944 118.58234047829897 28.838934776510634 595.7826180662228 214.31794534170228 0.6791996519258088
13 3.0 0.002255615221970976 118.71741429470521 28.838934776510634 595.7826180662228 214.31794534170228 0.6791996519258088
14 3.0 0.002251029760738375 118.47607256078105 28.838934776510634 595.7826180662228 214.31794534170228 0.6791996519258088
15 3.0 0.002255615221612821 118.71741427585485 28.838934776510634 595.7826180662228 214.31794534170228 0.6791996519258088
16 3.0 0.002251029760580521 118.47607255247291 28.838934776510634 595.7826180662228 214.31794534170228 0.6791996519258088
17 3.0 0.002255495559239749 118.71111621174401 28.838934776510634 595.7826180662228 214.31794534170228 0.6791996519258088
18 3.0 0.0022509351075133033 118.47109077724342 28.838934776510634 595.7826180662228 214.31794534170228 0.6791996519258088
19 3.0 0.002255495559931566 118.71111624815565 28.838934776510634 595.7826180662228 214.31794534170228 0.6791996519258088
20 3.0 0.002250935107531304 118.47109077819088 28.838934776510634 595.7826180662228 214.31794534170228 0.6791996519258088
21 3.0 0.0022510455247923087 118.4769022536102 28.838934776510634 595.7826180662228 214.31794534170228 0.6791996519258088
22 3.0 0.002255354219468863 118.70367722469757 28.838934776510634 595.7826180662228 214.31794534170228 0.6791996519258088
23 3.0 0.002251045524947624 118.47690226178473 28.838934776510634 595.7826180662228 214.31794534170228 0.6791996519258088
24 3.0 0.002255354219364415 118.70367721920023 28.838934776510634 595.7826180662228 214.31794534170228 0.6791996519258088
25 2.0549886613485726 0.0017254258661406944 132.573750341152 28.838934776510634 595.7826180662228 214.31794534170228 0.6791996519258088
26 2.0549886613485726 0.0017261845464972662 132.63204383410556 28.838934776510634 595.7826180662228 214.31794534170228 0.6791996519258088
27 0.0 1.1746667408695133e-17 0.0 28.838934776510634 595.7826180662228 214.31794534170228 0.6791996519258088
28 0.0 -8.739260010816693e-18 0.0 28.838934776510634 595.7826180662228 214.31794534170228 0.6791996519258088
29 0.0 -1.8623304557118148e-15 0.0 28.838934776510634 595.7826180662228 214.31794534170228 0.6791996519258088
30 0.0 -1.2835845448203999e-15 0.0 28.838934776510634 595.7826180662228 214.31794534170228 0.6791996519258088
31 0.0 -6.248207321641082e-16 0.0 28.838934776510634 595.7826180662228 214.31794534170228 0.6791996519258088
32 0.0 -1.5856369702806882e-15 0.0 28.838934776510634 595.7826180662228 214.31794534170228 0.6791996519258088
33 0.0 -1.0748773478087141e-15 0.0 28.838934776510634 595.7826180662228 214.31794534170228 0.6791996519258088
34 0.0 -1.6240087393786511e-15 0.0 28.838934776510634 595.7826180662228 214.31794534170228 0.6791996519258088
35 0.0 -1.837504405140485e-15 0.0 28.838934776510634 595.7826180662228 214.31794534170228 0.6791996519258088
36 0.0 -2.1156866837363762e-15 0.0 28.838934776510634 595.7826180662228 214.31794534170228 0.6791996519258088
37 0.0 -2.190793134599388e-15 0.0 28.838934776510634 595.7826180662228 214.31794534170228 0.6791996519258088
38 0.0 -1.6094947646765307e-15 0.0 28.838934776510634 595.7826180662228 214.31794534170228 0.6791996519258088
39 0.0 -2.011343118901617e-15 0.0 28.838934776510634 595.7826180662228 214.31794534170228 0.6791996519258088
40 0.0 -1.6398636082879412e-15 0.0 28.838934776510634 595.7826180662228 214.31794534170228 0.6791996519258088
41 0.0 -6.347629694646814e-16 0.0 28.838934776510634 595.7826180662228 214.31794534170228 0.6791996519258088
42 0.0 -8.961875424606908e-16 0.0 28.838934776510634 595.7826180662228 214.31794534170228 0.6791996519258088
43 0.0 -5.279857609950531e-16 0.0 28.838934776510634 595.7826180662228 214.31794534170228 0.6791996519258088
44 0.0 -7.439818048948266e-16 0.0 28.838934776510634 595.7826180662228 214.31794534170228 0.6791996519258088
45 0.0 -8.282085091129119e-16 0.0 28.838934776510634 595.7826180662228 214.31794534170228 0.6791996519258088
46 0.0 -6.349626590458029e-16 0.0 28.838934776510634 595.7826180662228 214.31794534170228 0.6791996519258088
47 0.0 -6.217085227609534e-16 0.0 28.838934776510634 595.7826180662228 214.31794534170228 0.6791996519258088
48 0.0 -4.617117248324127e-16 0.0 28.838934776510634 595.7826180662228 214.31794534170228 0.6791996519258088
49 0.0 -1.0771515293834524e-15 0.0 28.838934776510634 595.7826180662228 214.31794534170228 0.6791996519258088
50 0.0 -1.081444755119694e-15 0.0 28.838934776510634 595.7826180662228 214.31794534170228 0.6791996519258088
51 0.0 -1.3199087239158332e-15 0.0 28.838934776510634 595.7826180662228 214.31794534170228 0.6791996519258088
52 0.0 -7.597279562655076e-16 0.0 28.838934776510634 595.7826180662228 214.31794534170228 0.6791996519258088
