# site betah h T M DoS(Ef) N Ef
sublattice 1 3.0 0.005733258841867909 301.7366652845311
sublattice 2 2.3895366752013203 0.0045822076564470135 302.76722310338704
1 3.0 0.005727154169773058 301.4312589547526 33.66920548198488 555.9106566923466 214.47985463313833 0.6311649545514297
2 3.0 0.005740151604608314 302.11533921425155 33.66920548198488 555.9106566923466 214.47985463313833 0.6311649545514297
3 3.0 0.005727154169485018 301.43125893959234 33.66920548198488 555.9106566923466 214.47985463313833 0.6311649545514297
4 3.0 0.0057401516043600765 302.1153392011865 33.66920548198488 555.9106566923466 214.47985463313833 0.6311649545514297
5 3.0 0.0057405736703943925 302.13755335656356 33.66920548198488 555.9106566923466 214.47985463313833 0.6311649545514297
6 3.0 0.005726380393763628 301.3905336190439 33.66920548198488 555.9106566923466 214.47985463313833 0.6311649545514297
7 3.0 0.005740573670177072 302.13755334512547 33.66920548198488 555.9106566923466 214.47985463313833 0.6311649545514297
8 3.0 0.005726380393567044 301.3905336086973 33.66920548198488 555.9106566923466 214.47985463313833 0.6311649545514297
9 3.0 0.005740318256068398 302.1241104041631 33.66920548198488 555.9106566923466 214.47985463313833 0.6311649545514297
10 3.0 0.005726572846207096 301.4006627654773 33.66920548198488 555.9106566923466 214.47985463313833 0.6311649545514297
11 3.0 0.005740318255384942 302.1241103681915 33.66920548198488 555.9106566923466 214.47985463313833 0.6311649545514297
12 3.0 0.0057265728460302034 301.40066275616726 33.66920548198488 555.9106566923466 214.47985463313833 0.6311649545514297
13 3.0 0.005740522854298452 302.134878806752 33.66920548198488 555.9106566923466 214.47985463313833 0.6311649545514297
14 3.0 0.005725849583916932 301.36259606489665 33.66920548198488 555.9106566923466 214.47985463313833 0.6311649545514297
15 3.0 0.005740522854029852 302.13487879261504 33.66920548198488 555.9106566923466 214.47985463313833 0.6311649545514297
16 3.0 0.005725849583589412 301.36259604765866 33.66920548198488 555.9106566923466 214.47985463313833 0.6311649545514297
17 3.0 0.005740375664464096 302.1271319197706 33.66920548198488 555.9106566923466 214.47985463313833 0.6311649545514297
18 3.0 0.0057253589344197255 301.3367722277838 33.66920548198488 555.9106566923466 214.47985463313833 0.6311649545514297
19 3.0 0.005740375662835293 302.1271318340436 33.66920548198488 555.9106566923466 214.47985463313833 0.6311649545514297
20 3.0 0.005725358934176745 301.3367722149953 33.66920548198488 555.9106566923466 214.47985463313833 0.6311649545514297
21 3.0 0.005725944685386068 301.3676014397606 33.66920548198488 555.9106566923466 214.47985463313833 0.6311649545514297
22 3.0 0.0057399034417041596 302.10227791815436 33.66920548198488 555.9106566923466 214.47985463313833 0.6311649545514297
23 3.0 0.005725944684923796 301.3676014154302 33.66920548198488 555.9106566923466 214.47985463313833 0.6311649545514297
24 3.0 0.005739903441269685 302.10227789528716 33.66920548198488 555.9106566923466 214.47985463313833 0.6311649545514297
25 2.3895366752013203 0.004581929202640635 302.764772386281 33.66920548198488 555.9106566923466 214.47985463313833 0.6311649545514297
26 2.3895366752013203 0.0045824861102533605 302.8015717342985 33.66920548198488 555.9106566923466 214.47985463313833 0.6311649545514297
27 0.0 4.3715924757443295e-16 0.0 33.66920548198488 555.9106566923466 214.47985463313833 0.6311649545514297
28 0.0 4.763061293794359e-16 0.0 33.66920548198488 555.9106566923466 214.47985463313833 0.6311649545514297
29 0.0 -7.128647360605204e-16 0.0 33.66920548198488 555.9106566923466 214.47985463313833 0.6311649545514297
30 0.0 -9.4248677753351e-16 0.0 33.66920548198488 555.9106566923466 214.47985463313833 0.6311649545514297
31 0.0 -3.815463075676661e-16 0.0 33.66920548198488 555.9106566923466 214.47985463313833 0.6311649545514297
32 0.0 -7.082671712567406e-16 0.0 33.66920548198488 555.9106566923466 214.47985463313833 0.6311649545514297
33 0.0 -5.071958796025237e-16 0.0 33.66920548198488 555.9106566923466 214.47985463313833 0.6311649545514297
34 0.0 -6.399192463382544e-16 0.0 33.66920548198488 555.9106566923466 214.47985463313833 0.6311649545514297
35 0.0 -7.677049990969998e-16 0.0 33.66920548198488 555.9106566923466 214.47985463313833 0.6311649545514297
36 0.0 -7.918749092582931e-16 0.0 33.66920548198488 555.9106566923466 214.47985463313833 0.6311649545514297
37 0.0 -5.189493399560364e-16 0.0 33.66920548198488 555.9106566923466 214.47985463313833 0.6311649545514297
38 0.0 -8.848073119754308e-16 0.0 33.66920548198488 555.9106566923466 214.47985463313833 0.6311649545514297
39 0.0 -5.803030443287782e-16 0.0 33.66920548198488 555.9106566923466 214.47985463313833 0.6311649545514297
40 0.0 -1.161800187050792e-15 0.0 33.66920548198488 555.9106566923466 214.47985463313833 0.6311649545514297
41 0.0 -1.6340445115831835e-15 0.0 33.66920548198488 555.9106566923466 214.47985463313833 0.6311649545514297
42 0.0 -1.569619587296686e-15 0.0 33.66920548198488 555.9106566923466 214.47985463313833 0.6311649545514297
43 0.0 -1.9024707976069386e-15 0.0 33.66920548198488 555.9106566923466 214.47985463313833 0.6311649545514297
44 0.0 -1.237024414999286e-15 0.0 33.66920548198488 555.9106566923466 214.47985463313833 0.6311649545514297
45 0.0 -1.5958307757326283e-15 0.0 33.66920548198488 555.9106566923466 214.47985463313833 0.6311649545514297
46 0.0 -1.344968233833417e-15 0.0 33.66920548198488 555.9106566923466 214.47985463313833 0.6311649545514297
47 0.0 -1.9867410784881996e-15 0.0 33.66920548198488 555.9106566923466 214.47985463313833 0.6311649545514297
48 0.0 -1.6307963198748329e-15 0.0 33.66920548198488 555.9106566923466 214.47985463313833 0.6311649545514297
49 0.0 -1.0852070574354819e-15 0.0 33.66920548198488 555.9106566923466 214.47985463313833 0.6311649545514297
50 0.0 -2.2179019487601067e-15 0.0 33.66920548198488 555.9106566923466 214.47985463313833 0.6311649545514297
51 0.0 -9.428488854392974e-16 0.0 33.66920548198488 555.9106566923466 214.47985463313833 0.6311649545514297
52 0.0 -1.2896220512551361e-15 0.0 33.66920548198488 555.9106566923466 214.47985463313833 0.6311649545514297
