# site betah h T M DoS(Ef) N Ef
1 3.0 0.005727342547842994 301.441173661464 33.66835778863728 555.8638301684364 214.48038050249536 0.6311652160312117
2 3.0 0.005740502803401881 302.1338234917301 33.66835778863728 555.8638301684364 214.48038050249536 0.6311652160312117
3 3.0 0.005727342547553308 301.4411736462173 33.66835778863728 555.8638301684364 214.48038050249536 0.6311652160312117
4 3.0 0.005740502803151538 302.133823478554 33.66835778863728 555.8638301684364 214.48038050249536 0.6311652160312117
5 3.0 0.0057404300407794965 302.1299938533968 33.66835778863728 555.8638301684364 214.48038050249536 0.6311652160312117
6 3.0 0.0057274099981381756 301.4447237017055 33.66835778863728 555.8638301684364 214.48038050249536 0.6311652160312117
7 3.0 0.005740430040559795 302.12999384183354 33.66835778863728 555.8638301684364 214.48038050249536 0.6311652160312117
8 3.0 0.005727409997939637 301.4447236912561 33.66835778863728 555.8638301684364 214.48038050249536 0.6311652160312117
9 3.0 0.005740755861258744 302.1471424190145 33.66835778863728 555.8638301684364 214.48038050249536 0.6311652160312117
10 3.0 0.005727523625947483 301.450704154144 33.66835778863728 555.8638301684364 214.48038050249536 0.6311652160312117
11 3.0 0.005740755860573582 302.14714238295295 33.66835778863728 555.8638301684364 214.48038050249536 0.6311652160312117
12 3.0 0.005727523625768796 301.4507041447393 33.66835778863728 555.8638301684364 214.48038050249536 0.6311652160312117
13 3.0 0.0057404251923861 302.1297386730948 33.66835778863728 555.8638301684364 214.48038050249536 0.6311652160312117
14 3.0 0.005726304454200855 301.3865367747722 33.66835778863728 555.8638301684364 214.48038050249536 0.6311652160312117
15 3.0 0.00574042519211584 302.12973865887045 33.66835778863728 555.8638301684364 214.48038050249536 0.6311652160312117
16 3.0 0.005726304453871224 301.38653675742296 33.66835778863728 555.8638301684364 214.48038050249536 0.6311652160312117
17 3.0 0.005740187503264006 302.11722863280784 33.66835778863728 555.8638301684364 214.48038050249536 0.6311652160312117
18 3.0 0.005726611036321724 301.40267278781033 33.66835778863728 555.8638301684364 214.48038050249536 0.6311652160312117
19 3.0 0.00574018750163394 302.1172285470144 33.66835778863728 555.8638301684364 214.48038050249536 0.6311652160312117
20 3.0 0.005726611036076574 301.4026727749074 33.66835778863728 555.8638301684364 214.48038050249536 0.6311652160312117
21 3.0 0.005726277561988865 301.38512138528796 33.66835778863728 555.8638301684364 214.48038050249536 0.6311652160312117
22 3.0 0.005740177991711385 302.1167280210065 33.66835778863728 555.8638301684364 214.48038050249536 0.6311652160312117
23 3.0 0.005726277561524689 301.38512136085734 33.66835778863728 555.8638301684364 214.48038050249536 0.6311652160312117
24 3.0 0.005740177991275365 302.1167279980579 33.66835778863728 555.8638301684364 214.48038050249536 0.6311652160312117
25 2.3895366752013203 0.004582271768690123 302.78740847303146 33.66835778863728 555.8638301684364 214.48038050249536 0.6311652160312117
26 2.3895366752013203 0.0045824690045011595 302.8004414233969 33.66835778863728 555.8638301684364 214.48038050249536 0.6311652160312117
27 0.0 4.520447021889936e-16 0.0 33.66835778863728 555.8638301684364 214.48038050249536 0.6311652160312117
28 0.0 4.601349943999381e-16 0.0 33.66835778863728 555.8638301684364 214.48038050249536 0.6311652160312117
29 0.0 -3.403937114707837e-16 0.0 33.66835778863728 555.8638301684364 214.48038050249536 0.6311652160312117
30 0.0 -8.900836631882947e-16 0.0 33.66835778863728 555.8638301684364 214.48038050249536 0.6311652160312117
31 0.0 -7.189832086163127e-16 0.0 33.66835778863728 555.8638301684364 214.48038050249536 0.6311652160312117
32 0.0 -7.521154943513427e-16 0.0 33.66835778863728 555.8638301684364 214.48038050249536 0.6311652160312117
33 0.0 -6.358223794485346e-16 0.0 33.66835778863728 555.8638301684364 214.48038050249536 0.6311652160312117
34 0.0 -9.352280483683512e-16 0.0 33.66835778863728 555.8638301684364 214.48038050249536 0.6311652160312117
35 0.0 -7.464048239403391e-16 0.0 33.66835778863728 555.8638301684364 214.48038050249536 0.6311652160312117
36 0.0 -4.919061778301303e-16 0.0 33.66835778863728 555.8638301684364 214.48038050249536 0.6311652160312117
37 0.0 -6.390828515650069e-16 0.0 33.66835778863728 555.8638301684364 214.48038050249536 0.6311652160312117
38 0.0 -9.726385821236522e-16 0.0 33.66835778863728 555.8638301684364 214.48038050249536 0.6311652160312117
39 0.0 -8.043770462530233e-16 0.0 33.66835778863728 555.8638301684364 214.48038050249536 0.6311652160312117
40 0.0 -1.1995631147173674e-15 0.0 33.66835778863728 555.8638301684364 214.48038050249536 0.6311652160312117
41 0.0 -1.0310382627270845e-15 0.0 33.66835778863728 555.8638301684364 214.48038050249536 0.6311652160312117
42 0.0 -1.401133857392159e-15 0.0 33.66835778863728 555.8638301684364 214.48038050249536 0.6311652160312117
43 0.0 -2.0293212945404276e-15 0.0 33.66835778863728 555.8638301684364 214.48038050249536 0.6311652160312117
44 0.0 -1.0043882235353557e-15 0.0 33.66835778863728 555.8638301684364 214.48038050249536 0.6311652160312117
45 0.0 -1.9339573738125e-15 0.0 33.66835778863728 555.8638301684364 214.48038050249536 0.6311652160312117
46 0.0 -8.234845517466973e-16 0.0 33.66835778863728 555.8638301684364 214.48038050249536 0.6311652160312117
47 0.0 -1.3906561199647508e-15 0.0 33.66835778863728 555.8638301684364 214.48038050249536 0.6311652160312117
48 0.0 -1.073893787140022e-15 0.0 33.66835778863728 555.8638301684364 214.48038050249536 0.6311652160312117
49 0.0 -1.273354466918644e-15 0.0 33.66835778863728 555.8638301684364 214.48038050249536 0.6311652160312117
50 0.0 -1.852781906821733e-15 0.0 33.66835778863728 555.8638301684364 214.48038050249536 0.6311652160312117
51 0.0 -4.790731502997795e-16 0.0 33.66835778863728 555.8638301684364 214.48038050249536 0.6311652160312117
52 0.0 -1.583098890627399e-15 0.0 33.66835778863728 555.8638301684364 214.48038050249536 0.6311652160312117
