# site betah h T M DoS(Ef) N Ef
sublattice 1 4.0 0.0004189982152439119 16.538646830047607
sublattice 2 4.4 6.011897394182795e-11 2.157280783360253e-06
1 4.0 0.0004258155435020963 16.80862452979744 23.486045003269062 636.5958774663038 217.56641348947443 0.7363981
2 4.0 0.00041298938679337153 16.302325349755044 23.486045003269062 636.5958774663038 217.56641348947443 0.7363981
3 4.0 0.00042581554379156377 16.808624541223875 23.486045003269062 636.5958774663038 217.56641348947443 0.7363981
4 4.0 0.0004129893871032755 16.302325361988192 23.486045003269062 636.5958774663038 217.56641348947443 0.7363981
5 4.0 0.00041403145279657495 16.34345981913454 23.486045003269062 636.5958774663038 217.56641348947443 0.7363981
6 4.0 0.00042578713469172577 16.80750312088545 23.486045003269062 636.5958774663038 217.56641348947443 0.7363981
7 4.0 0.00041403145328833274 16.343459838546178 23.486045003269062 636.5958774663038 217.56641348947443 0.7363981
8 4.0 0.0004257871350948533 16.807503136798505 23.486045003269062 636.5958774663038 217.56641348947443 0.7363981
9 4.0 0.0004141361706067757 16.34759344521178 23.486045003269062 636.5958774663038 217.56641348947443 0.7363981
10 4.0 0.00042610912911928637 16.820213516217404 23.486045003269062 636.5958774663038 217.56641348947443 0.7363981
11 4.0 0.00041413617114873934 16.347593466605243 23.486045003269062 636.5958774663038 217.56641348947443 0.7363981
12 4.0 0.0004261091293982981 16.820213527231093 23.486045003269062 636.5958774663038 217.56641348947443 0.7363981
13 4.0 0.00041347973944844997 16.3216815095778 23.486045003269062 636.5958774663038 217.56641348947443 0.7363981
14 4.0 0.000421632521597859 16.64350409741556 23.486045003269062 636.5958774663038 217.56641348947443 0.7363981
15 4.0 0.00041347973973505437 16.32168152089121 23.486045003269062 636.5958774663038 217.56641348947443 0.7363981
16 4.0 0.0004216325218723773 16.643504108251896 23.486045003269062 636.5958774663038 217.56641348947443 0.7363981
17 4.0 0.0004141282546421905 16.34728097073165 23.486045003269062 636.5958774663038 217.56641348947443 0.7363981
18 4.0 0.0004230253582468247 16.69848487391682 23.486045003269062 636.5958774663038 217.56641348947443 0.7363981
19 4.0 0.0004141282549396627 16.347280982474043 23.486045003269062 636.5958774663038 217.56641348947443 0.7363981
20 4.0 0.0004230253583944739 16.698484879745127 23.486045003269062 636.5958774663038 217.56641348947443 0.7363981
21 4.0 0.0004231986335854598 16.705324735656042 23.486045003269062 636.5958774663038 217.56641348947443 0.7363981
22 4.0 0.0004136452558617428 16.328215097042808 23.486045003269062 636.5958774663038 217.56641348947443 0.7363981
23 4.0 0.00042319863412885566 16.705324757106045 23.486045003269062 636.5958774663038 217.56641348947443 0.7363981
24 4.0 0.000413645256068969 16.328215105222856 23.486045003269062 636.5958774663038 217.56641348947443 0.7363981
25 4.4 1.1631769698908437e-10 4.174108985020201e-06 23.486045003269062 636.5958774663038 217.56641348947443 0.7363981
26 4.4 3.920251558008033e-12 1.406798593354012e-07 23.486045003269062 636.5958774663038 217.56641348947443 0.7363981
27 0.0 -1.811672640690686e-14 0.0 23.486045003269062 636.5958774663038 217.56641348947443 0.7363981
28 0.0 -1.813026048482906e-14 0.0 23.486045003269062 636.5958774663038 217.56641348947443 0.7363981
29 0.0 2.6809206021083153e-13 0.0 23.486045003269062 636.5958774663038 217.56641348947443 0.7363981
30 0.0 2.6821631869224946e-13 0.0 23.486045003269062 636.5958774663038 217.56641348947443 0.7363981
31 0.0 2.679962885422391e-13 0.0 23.486045003269062 636.5958774663038 217.56641348947443 0.7363981
32 0.0 2.6831934596218457e-13 0.0 23.486045003269062 636.5958774663038 217.56641348947443 0.7363981
33 0.0 2.6814970807131676e-13 0.0 23.486045003269062 636.5958774663038 217.56641348947443 0.7363981
34 0.0 2.6817166878759604e-13 0.0 23.486045003269062 636.5958774663038 217.56641348947443 0.7363981
35 0.0 2.6836404012480694e-13 0.0 23.486045003269062 636.5958774663038 217.56641348947443 0.7363981
36 0.0 2.679869336075047e-13 0.0 23.486045003269062 636.5958774663038 217.56641348947443 0.7363981
37 0.0 2.680187344902519e-13 0.0 23.486045003269062 636.5958774663038 217.56641348947443 0.7363981
38 0.0 2.681603577495503e-13 0.0 23.486045003269062 636.5958774663038 217.56641348947443 0.7363981
39 0.0 2.679233019256395e-13 0.0 23.486045003269062 636.5958774663038 217.56641348947443 0.7363981
40 0.0 2.6811454362108473e-13 0.0 23.486045003269062 636.5958774663038 217.56641348947443 0.7363981
41 0.0 -2.8254554045575623e-13 0.0 23.486045003269062 636.5958774663038 217.56641348947443 0.7363981
42 0.0 -2.8251527047622147e-13 0.0 23.486045003269062 636.5958774663038 217.56641348947443 0.7363981
43 0.0 -2.8293710530580675e-13 0.0 23.486045003269062 636.5958774663038 217.56641348947443 0.7363981
44 0.0 -2.823994158441609e-13 0.0 23.486045003269062 636.5958774663038 217.56641348947443 0.7363981
45 0.0 -2.8223042604591035e-13 0.0 23.486045003269062 636.5958774663038 217.56641348947443 0.7363981
46 0.0 -2.8254172437914734e-13 0.0 23.486045003269062 636.5958774663038 217.56641348947443 0.7363981
47 0.0 -2.8218414408745024e-13 0.0 23.486045003269062 636.5958774663038 217.56641348947443 0.7363981
48 0.0 -2.8257442291039905e-13 0.0 23.486045003269062 636.5958774663038 217.56641348947443 0.7363981
49 0.0 -2.8262007717566697e-13 0.0 23.486045003269062 636.5958774663038 217.56641348947443 0.7363981
50 0.0 -2.8234580495694586e-13 0.0 23.486045003269062 636.5958774663038 217.56641348947443 0.7363981
51 0.0 -2.8260340941859937e-13 0.0 23.486045003269062 636.5958774663038 217.56641348947443 0.7363981
52 0.0 -2.8244389036976806e-13 0.0 23.486045003269062 636.5958774663038 217.56641348947443 0.7363981
