# site betah h T M DoS(Ef) N Ef
1 4.0 -0.0004794736706519536 -18.926723953185913 23.692004799861213 634.0904086053971 214.48095166457728 0.7317114957113828
2 4.0 -0.0005108958348887352 -20.167081156707376 23.692004799861213 634.0904086053971 214.48095166457728 0.7317114957113828
3 4.0 -0.0004794736703478803 -18.926723941182942 23.692004799861213 634.0904086053971 214.48095166457728 0.7317114957113828
4 4.0 -0.0005108958345543872 -20.167081143509336 23.692004799861213 634.0904086053971 214.48095166457728 0.7317114957113828
5 4.0 -0.0005109947296490647 -20.17098492430281 23.692004799861213 634.0904086053971 214.48095166457728 0.7317114957113828
6 4.0 -0.00047981913905823735 -18.9403609586532 23.692004799861213 634.0904086053971 214.48095166457728 0.7317114957113828
7 4.0 -0.0005109947291654473 -20.170984905212524 23.692004799861213 634.0904086053971 214.48095166457728 0.7317114957113828
8 4.0 -0.0004798191387233012 -18.94036094543192 23.692004799861213 634.0904086053971 214.48095166457728 0.7317114957113828
9 4.0 -0.0005100797676284208 -20.13486775166977 23.692004799861213 634.0904086053971 214.48095166457728 0.7317114957113828
10 4.0 -0.0004788463548364336 -18.90196131484375 23.692004799861213 634.0904086053971 214.48095166457728 0.7317114957113828
11 4.0 -0.0005100797670773996 -20.134867729918778 23.692004799861213 634.0904086053971 214.48095166457728 0.7317114957113828
12 4.0 -0.00047884635463600557 -18.901961306932048 23.692004799861213 634.0904086053971 214.48095166457728 0.7317114957113828
13 4.0 -0.0005112078074595299 -20.17939594912063 23.692004799861213 634.0904086053971 214.48095166457728 0.7317114957113828
14 4.0 -0.00048246386505219874 -19.04475876169977 23.692004799861213 634.0904086053971 214.48095166457728 0.7317114957113828
15 4.0 -0.0005112078072299002 -20.179395940056217 23.692004799861213 634.0904086053971 214.48095166457728 0.7317114957113828
16 4.0 -0.00048246386483449035 -19.044758753105945 23.692004799861213 634.0904086053971 214.48095166457728 0.7317114957113828
17 4.0 -0.0005109054751713774 -20.167461696698126 23.692004799861213 634.0904086053971 214.48095166457728 0.7317114957113828
18 4.0 -0.0004820547615655614 -19.02860982767205 23.692004799861213 634.0904086053971 214.48095166457728 0.7317114957113828
19 4.0 -0.0005109054748276134 -20.1674616831284 23.692004799861213 634.0904086053971 214.48095166457728 0.7317114957113828
20 4.0 -0.0004820547613991571 -19.028609821103416 23.692004799861213 634.0904086053971 214.48095166457728 0.7317114957113828
21 4.0 -0.0004809492321410296 -18.98497020533647 23.692004799861213 634.0904086053971 214.48095166457728 0.7317114957113828
22 4.0 -0.0005100954733891521 -20.13548772015622 23.692004799861213 634.0904086053971 214.48095166457728 0.7317114957113828
23 4.0 -0.0004809492315527323 -18.98497018211405 23.692004799861213 634.0904086053971 214.48095166457728 0.7317114957113828
24 4.0 -0.0005100954732997896 -20.135487716628724 23.692004799861213 634.0904086053971 214.48095166457728 0.7317114957113828
25 -2.858114842565477e-07 6.7741242715623e-11 -37.42347826391277 23.692004799861213 634.0904086053971 214.48095166457728 0.7317114957113828
26 -2.858114842565477e-07 2.264781084520095e-12 -1.2511725838689371 23.692004799861213 634.0904086053971 214.48095166457728 0.7317114957113828
27 0.0 -1.7857279509049904e-14 0.0 23.692004799861213 634.0904086053971 214.48095166457728 0.7317114957113828
28 0.0 -1.7870204565765193e-14 0.0 23.692004799861213 634.0904086053971 214.48095166457728 0.7317114957113828
29 0.0 2.694225082664629e-13 0.0 23.692004799861213 634.0904086053971 214.48095166457728 0.7317114957113828
30 0.0 2.6981825317440875e-13 0.0 23.692004799861213 634.0904086053971 214.48095166457728 0.7317114957113828
31 0.0 2.696353554507108e-13 0.0 23.692004799861213 634.0904086053971 214.48095166457728 0.7317114957113828
32 0.0 2.6952147007569606e-13 0.0 23.692004799861213 634.0904086053971 214.48095166457728 0.7317114957113828
33 0.0 2.698322384056242e-13 0.0 23.692004799861213 634.0904086053971 214.48095166457728 0.7317114957113828
34 0.0 2.6957074006699156e-13 0.0 23.692004799861213 634.0904086053971 214.48095166457728 0.7317114957113828
35 0.0 2.696937159424516e-13 0.0 23.692004799861213 634.0904086053971 214.48095166457728 0.7317114957113828
36 0.0 2.6950016095929735e-13 0.0 23.692004799861213 634.0904086053971 214.48095166457728 0.7317114957113828
37 0.0 2.695598738240118e-13 0.0 23.692004799861213 634.0904086053971 214.48095166457728 0.7317114957113828
38 0.0 2.697344591709642e-13 0.0 23.692004799861213 634.0904086053971 214.48095166457728 0.7317114957113828
39 0.0 2.693557947482918e-13 0.0 23.692004799861213 634.0904086053971 214.48095166457728 0.7317114957113828
40 0.0 2.6975477775695024e-13 0.0 23.692004799861213 634.0904086053971 214.48095166457728 0.7317114957113828
41 0.0 -2.8413779373583643e-13 0.0 23.692004799861213 634.0904086053971 214.48095166457728 0.7317114957113828
42 0.0 -2.841415431986029e-13 0.0 23.692004799861213 634.0904086053971 214.48095166457728 0.7317114957113828
43 0.0 -2.8407173884252056e-13 0.0 23.692004799861213 634.0904086053971 214.48095166457728 0.7317114957113828
44 0.0 -2.838957032248548e-13 0.0 23.692004799861213 634.0904086053971 214.48095166457728 0.7317114957113828
45 0.0 -2.838187278798193e-13 0.0 23.692004799861213 634.0904086053971 214.48095166457728 0.7317114957113828
46 0.0 -2.843024238274642e-13 0.0 23.692004799861213 634.0904086053971 214.48095166457728 0.7317114957113828
47 0.0 -2.837047624006672e-13 0.0 23.692004799861213 634.0904086053971 214.48095166457728 0.7317114957113828
48 0.0 -2.8418861366107015e-13 0.0 23.692004799861213 634.0904086053971 214.48095166457728 0.7317114957113828
49 0.0 -2.8395176162431626e-13 0.0 23.692004799861213 634.0904086053971 214.48095166457728 0.7317114957113828
50 0.0 -2.838719003078306e-13 0.0 23.692004799861213 634.0904086053971 214.48095166457728 0.7317114957113828
51 0.0 -2.840696439365501e-13 0.0 23.692004799861213 634.0904086053971 214.48095166457728 0.7317114957113828
52 0.0 -2.837861431477268e-13 0.0 23.692004799861213 634.0904086053971 214.48095166457728 0.7317114957113828
